Dynamical matrix file
BETA-TIN PHONONS                                                           
  1    2  0 10.5638179  1.0000000  0.4746934  0.0000000  0.0000000  0.0000000
Basis vectors
     -0.670351232    0.670351232    0.318211331
      0.670351232   -0.670351232    0.318211331
      0.670351232    0.670351232   -0.318211331
           1  'Ge  '    66207.3097484883     
    1    1     -0.0000000000      1.0055268480      0.0795528329
    2    1      0.6703512320     -0.3351756160      0.2386584986

     Dynamical  Matrix in cartesian axes

     q = (    0.372938824   0.124312941   0.523760942 ) 

    1    1
  0.18569052  0.00000000    0.01783437  0.00582263    0.10365695  0.02948728
  0.01783437 -0.00582263   -0.05012370  0.00000000    0.08132638  0.04150030
  0.10365695 -0.02948728    0.08132638 -0.04150030    0.16293989  0.00000000
    1    2
  0.09472317 -0.08129037    0.02103149 -0.02118056    0.00195809 -0.02147561
  0.02103149 -0.02118056    0.02185192 -0.02572790    0.00126726  0.06256329
  0.00195809 -0.02147561    0.00126726  0.06256329   -0.12342332  0.03893439
    2    1
  0.09472317  0.08129037    0.02103149  0.02118056    0.00195809  0.02147561
  0.02103149  0.02118056    0.02185192  0.02572790    0.00126726 -0.06256329
  0.00195809  0.02147561    0.00126726 -0.06256329   -0.12342332 -0.03893439
    2    2
  0.18569052  0.00000000    0.01783437 -0.00582263    0.10365695 -0.02948728
  0.01783437  0.00582263   -0.05012370  0.00000000    0.08132638 -0.04150030
  0.10365695  0.02948728    0.08132638  0.04150030    0.16293989  0.00000000

     Dynamical  Matrix in cartesian axes

     q = (    0.372938824  -0.124312941   0.523760942 ) 

    1    1
  0.18569052  0.00000000   -0.01783437 -0.00582263    0.10365695  0.02948728
 -0.01783437  0.00582263   -0.05012370  0.00000000   -0.08132638 -0.04150030
  0.10365695 -0.02948728   -0.08132638  0.04150030    0.16293989  0.00000000
    1    2
 -0.11776111 -0.04138749    0.02885864  0.00762352   -0.01957747  0.00904205
  0.02885864  0.00762352   -0.03320697 -0.00606037   -0.05354777  0.03237912
 -0.01957747  0.00904205   -0.05354777  0.03237912    0.09542983  0.08742053
    2    1
 -0.11776111  0.04138749    0.02885864 -0.00762352   -0.01957747 -0.00904205
  0.02885864 -0.00762352   -0.03320697  0.00606037   -0.05354777 -0.03237912
 -0.01957747 -0.00904205   -0.05354777 -0.03237912    0.09542983 -0.08742053
    2    2
  0.18569052  0.00000000   -0.01783437  0.00582263    0.10365695 -0.02948728
 -0.01783437 -0.00582263   -0.05012370  0.00000000   -0.08132638  0.04150030
  0.10365695  0.02948728   -0.08132638 -0.04150030    0.16293989 -0.00000000

     Dynamical  Matrix in cartesian axes

     q = (    0.124312941   0.372938824   0.523760942 ) 

    1    1
 -0.05012370  0.00000000    0.01783437  0.00582263    0.08132638 -0.04150030
  0.01783437 -0.00582263    0.18569052  0.00000000    0.10365695 -0.02948728
  0.08132638  0.04150030    0.10365695  0.02948728    0.16293989  0.00000000
    1    2
 -0.01135505  0.03178826   -0.00782716  0.02880408    0.05481502 -0.03018417
 -0.00782716  0.02880408   -0.02303794  0.12267786   -0.01761938  0.01243356
  0.05481502 -0.03018417   -0.01761938  0.01243356   -0.02799349 -0.12635492
    2    1
 -0.01135505 -0.03178826   -0.00782716 -0.02880408    0.05481502  0.03018417
 -0.00782716 -0.02880408   -0.02303794 -0.12267786   -0.01761938 -0.01243356
  0.05481502  0.03018417   -0.01761938 -0.01243356   -0.02799349  0.12635492
    2    2
 -0.05012370  0.00000000    0.01783437 -0.00582263    0.08132638  0.04150030
  0.01783437  0.00582263    0.18569052  0.00000000    0.10365695  0.02948728
  0.08132638 -0.04150030    0.10365695 -0.02948728    0.16293989  0.00000000

     Dynamical  Matrix in cartesian axes

     q = (    0.124312941   0.372938824  -0.523760942 ) 

    1    1
 -0.05012370  0.00000000    0.01783437 -0.00582263   -0.08132638 -0.04150030
  0.01783437  0.00582263    0.18569052  0.00000000   -0.10365695 -0.02948728
 -0.08132638  0.04150030   -0.10365695  0.02948728    0.16293989  0.00000000
    1    2
 -0.03320697 -0.00606037   -0.02885864 -0.00762352   -0.05354777  0.03237912
 -0.02885864 -0.00762352   -0.11776111 -0.04138749    0.01957747 -0.00904205
 -0.05354777  0.03237912    0.01957747 -0.00904205    0.09542983  0.08742053
    2    1
 -0.03320697  0.00606037   -0.02885864  0.00762352   -0.05354777 -0.03237912
 -0.02885864  0.00762352   -0.11776111  0.04138749    0.01957747  0.00904205
 -0.05354777 -0.03237912    0.01957747  0.00904205    0.09542983 -0.08742053
    2    2
 -0.05012370 -0.00000000    0.01783437  0.00582263   -0.08132638  0.04150030
  0.01783437 -0.00582263    0.18569052 -0.00000000   -0.10365695  0.02948728
 -0.08132638 -0.04150030   -0.10365695 -0.02948728    0.16293989  0.00000000

     Dynamical  Matrix in cartesian axes

     q = (   -0.372938824  -0.124312941   0.523760942 ) 

    1    1
  0.18569052  0.00000000    0.01783437  0.00582263   -0.10365695 -0.02948728
  0.01783437 -0.00582263   -0.05012370  0.00000000   -0.08132638 -0.04150030
 -0.10365695  0.02948728   -0.08132638  0.04150030    0.16293989  0.00000000
    1    2
  0.11776111  0.04138749    0.02885864  0.00762352   -0.01957747  0.00904205
  0.02885864  0.00762352    0.03320697  0.00606037    0.05354777 -0.03237912
 -0.01957747  0.00904205    0.05354777 -0.03237912   -0.09542983 -0.08742053
    2    1
  0.11776111 -0.04138749    0.02885864 -0.00762352   -0.01957747 -0.00904205
  0.02885864 -0.00762352    0.03320697 -0.00606037    0.05354777  0.03237912
 -0.01957747 -0.00904205    0.05354777  0.03237912   -0.09542983  0.08742053
    2    2
  0.18569052 -0.00000000    0.01783437 -0.00582263   -0.10365695  0.02948728
  0.01783437  0.00582263   -0.05012370 -0.00000000   -0.08132638  0.04150030
 -0.10365695 -0.02948728   -0.08132638 -0.04150030    0.16293989  0.00000000

     Dynamical  Matrix in cartesian axes

     q = (   -0.124312941  -0.372938824   0.523760942 ) 

    1    1
 -0.05012370 -0.00000000    0.01783437  0.00582263   -0.08132638  0.04150030
  0.01783437 -0.00582263    0.18569052 -0.00000000   -0.10365695  0.02948728
 -0.08132638 -0.04150030   -0.10365695 -0.02948728    0.16293989  0.00000000
    1    2
 -0.03320697  0.00606037   -0.02885864  0.00762352   -0.05354777 -0.03237912
 -0.02885864  0.00762352   -0.11776111  0.04138749    0.01957747  0.00904205
 -0.05354777 -0.03237912    0.01957747  0.00904205    0.09542983 -0.08742053
    2    1
 -0.03320697 -0.00606037   -0.02885864 -0.00762352   -0.05354777  0.03237912
 -0.02885864 -0.00762352   -0.11776111 -0.04138749    0.01957747 -0.00904205
 -0.05354777  0.03237912    0.01957747 -0.00904205    0.09542983  0.08742053
    2    2
 -0.05012370  0.00000000    0.01783437 -0.00582263   -0.08132638 -0.04150030
  0.01783437  0.00582263    0.18569052  0.00000000   -0.10365695 -0.02948728
 -0.08132638  0.04150030   -0.10365695  0.02948728    0.16293989  0.00000000

     Dynamical  Matrix in cartesian axes

     q = (   -0.372938824  -0.124312941  -0.523760942 ) 

    1    1
  0.18569052  0.00000000    0.01783437 -0.00582263    0.10365695 -0.02948728
  0.01783437  0.00582263   -0.05012370  0.00000000    0.08132638 -0.04150030
  0.10365695  0.02948728    0.08132638  0.04150030    0.16293989  0.00000000
    1    2
  0.09472317  0.08129037    0.02103149  0.02118056    0.00195809  0.02147561
  0.02103149  0.02118056    0.02185192  0.02572790    0.00126726 -0.06256329
  0.00195809  0.02147561    0.00126726 -0.06256329   -0.12342332 -0.03893439
    2    1
  0.09472317 -0.08129037    0.02103149 -0.02118056    0.00195809 -0.02147561
  0.02103149 -0.02118056    0.02185192 -0.02572790    0.00126726  0.06256329
  0.00195809 -0.02147561    0.00126726  0.06256329   -0.12342332  0.03893439
    2    2
  0.18569052  0.00000000    0.01783437  0.00582263    0.10365695  0.02948728
  0.01783437 -0.00582263   -0.05012370  0.00000000    0.08132638  0.04150030
  0.10365695 -0.02948728    0.08132638 -0.04150030    0.16293989  0.00000000

     Dynamical  Matrix in cartesian axes

     q = (   -0.124312941  -0.372938824  -0.523760942 ) 

    1    1
 -0.05012370  0.00000000    0.01783437 -0.00582263    0.08132638  0.04150030
  0.01783437  0.00582263    0.18569052  0.00000000    0.10365695  0.02948728
  0.08132638 -0.04150030    0.10365695 -0.02948728    0.16293989  0.00000000
    1    2
 -0.01135505 -0.03178826   -0.00782716 -0.02880408    0.05481502  0.03018417
 -0.00782716 -0.02880408   -0.02303794 -0.12267786   -0.01761938 -0.01243356
  0.05481502  0.03018417   -0.01761938 -0.01243356   -0.02799349  0.12635492
    2    1
 -0.01135505  0.03178826   -0.00782716  0.02880408    0.05481502 -0.03018417
 -0.00782716  0.02880408   -0.02303794  0.12267786   -0.01761938  0.01243356
  0.05481502 -0.03018417   -0.01761938  0.01243356   -0.02799349 -0.12635492
    2    2
 -0.05012370  0.00000000    0.01783437  0.00582263    0.08132638 -0.04150030
  0.01783437 -0.00582263    0.18569052  0.00000000    0.10365695 -0.02948728
  0.08132638  0.04150030    0.10365695  0.02948728    0.16293989  0.00000000

     Dynamical  Matrix in cartesian axes

     q = (    0.372938824   0.124312941  -0.523760942 ) 

    1    1
  0.18569052 -0.00000000    0.01783437 -0.00582263   -0.10365695  0.02948728
  0.01783437  0.00582263   -0.05012370 -0.00000000   -0.08132638  0.04150030
 -0.10365695 -0.02948728   -0.08132638 -0.04150030    0.16293989  0.00000000
    1    2
  0.11776111 -0.04138749    0.02885864 -0.00762352   -0.01957747 -0.00904205
  0.02885864 -0.00762352    0.03320697 -0.00606037    0.05354777  0.03237912
 -0.01957747 -0.00904205    0.05354777  0.03237912   -0.09542983  0.08742053
    2    1
  0.11776111  0.04138749    0.02885864  0.00762352   -0.01957747  0.00904205
  0.02885864  0.00762352    0.03320697  0.00606037    0.05354777 -0.03237912
 -0.01957747  0.00904205    0.05354777 -0.03237912   -0.09542983 -0.08742053
    2    2
  0.18569052  0.00000000    0.01783437  0.00582263   -0.10365695 -0.02948728
  0.01783437 -0.00582263   -0.05012370  0.00000000   -0.08132638 -0.04150030
 -0.10365695  0.02948728   -0.08132638  0.04150030    0.16293989  0.00000000

     Dynamical  Matrix in cartesian axes

     q = (   -0.124312941   0.372938824   0.523760942 ) 

    1    1
 -0.05012370  0.00000000   -0.01783437 -0.00582263   -0.08132638  0.04150030
 -0.01783437  0.00582263    0.18569052  0.00000000    0.10365695 -0.02948728
 -0.08132638 -0.04150030    0.10365695  0.02948728    0.16293989  0.00000000
    1    2
 -0.03320697  0.00606037    0.02885864 -0.00762352   -0.05354777 -0.03237912
  0.02885864 -0.00762352   -0.11776111  0.04138749   -0.01957747 -0.00904205
 -0.05354777 -0.03237912   -0.01957747 -0.00904205    0.09542983 -0.08742053
    2    1
 -0.03320697 -0.00606037    0.02885864  0.00762352   -0.05354777  0.03237912
  0.02885864  0.00762352   -0.11776111 -0.04138749   -0.01957747  0.00904205
 -0.05354777  0.03237912   -0.01957747  0.00904205    0.09542983  0.08742053
    2    2
 -0.05012370  0.00000000   -0.01783437  0.00582263   -0.08132638 -0.04150030
 -0.01783437 -0.00582263    0.18569052  0.00000000    0.10365695  0.02948728
 -0.08132638  0.04150030    0.10365695 -0.02948728    0.16293989  0.00000000

     Dynamical  Matrix in cartesian axes

     q = (   -0.372938824   0.124312941  -0.523760942 ) 

    1    1
  0.18569052  0.00000000   -0.01783437  0.00582263    0.10365695 -0.02948728
 -0.01783437 -0.00582263   -0.05012370  0.00000000   -0.08132638  0.04150030
  0.10365695  0.02948728   -0.08132638 -0.04150030    0.16293989 -0.00000000
    1    2
 -0.11776111  0.04138749    0.02885864 -0.00762352   -0.01957747 -0.00904205
  0.02885864 -0.00762352   -0.03320697  0.00606037   -0.05354777 -0.03237912
 -0.01957747 -0.00904205   -0.05354777 -0.03237912    0.09542983 -0.08742053
    2    1
 -0.11776111 -0.04138749    0.02885864  0.00762352   -0.01957747  0.00904205
  0.02885864  0.00762352   -0.03320697 -0.00606037   -0.05354777  0.03237912
 -0.01957747  0.00904205   -0.05354777  0.03237912    0.09542983  0.08742053
    2    2
  0.18569052  0.00000000   -0.01783437 -0.00582263    0.10365695  0.02948728
 -0.01783437  0.00582263   -0.05012370  0.00000000   -0.08132638 -0.04150030
  0.10365695 -0.02948728   -0.08132638  0.04150030    0.16293989  0.00000000

     Dynamical  Matrix in cartesian axes

     q = (   -0.372938824   0.124312941   0.523760942 ) 

    1    1
  0.18569052  0.00000000   -0.01783437 -0.00582263   -0.10365695 -0.02948728
 -0.01783437  0.00582263   -0.05012370  0.00000000    0.08132638  0.04150030
 -0.10365695  0.02948728    0.08132638 -0.04150030    0.16293989  0.00000000
    1    2
 -0.09472317  0.08129037    0.02103149 -0.02118056    0.00195809 -0.02147561
  0.02103149 -0.02118056   -0.02185192  0.02572790   -0.00126726 -0.06256329
  0.00195809 -0.02147561   -0.00126726 -0.06256329    0.12342332 -0.03893439
    2    1
 -0.09472317 -0.08129037    0.02103149  0.02118056    0.00195809  0.02147561
  0.02103149  0.02118056   -0.02185192 -0.02572790   -0.00126726  0.06256329
  0.00195809  0.02147561   -0.00126726  0.06256329    0.12342332  0.03893439
    2    2
  0.18569052  0.00000000   -0.01783437  0.00582263   -0.10365695  0.02948728
 -0.01783437 -0.00582263   -0.05012370 -0.00000000    0.08132638 -0.04150030
 -0.10365695 -0.02948728    0.08132638  0.04150030    0.16293989  0.00000000

     Dynamical  Matrix in cartesian axes

     q = (    0.124312941  -0.372938824   0.523760942 ) 

    1    1
 -0.05012370 -0.00000000   -0.01783437 -0.00582263    0.08132638 -0.04150030
 -0.01783437  0.00582263    0.18569052  0.00000000   -0.10365695  0.02948728
  0.08132638  0.04150030   -0.10365695 -0.02948728    0.16293989 -0.00000000
    1    2
 -0.01135505  0.03178826    0.00782716 -0.02880408    0.05481502 -0.03018417
  0.00782716 -0.02880408   -0.02303794  0.12267786    0.01761938 -0.01243356
  0.05481502 -0.03018417    0.01761938 -0.01243356   -0.02799349 -0.12635492
    2    1
 -0.01135505 -0.03178826    0.00782716  0.02880408    0.05481502  0.03018417
  0.00782716  0.02880408   -0.02303794 -0.12267786    0.01761938  0.01243356
  0.05481502  0.03018417    0.01761938  0.01243356   -0.02799349  0.12635492
    2    2
 -0.05012370  0.00000000   -0.01783437  0.00582263    0.08132638  0.04150030
 -0.01783437 -0.00582263    0.18569052  0.00000000   -0.10365695 -0.02948728
  0.08132638 -0.04150030   -0.10365695  0.02948728    0.16293989  0.00000000

     Dynamical  Matrix in cartesian axes

     q = (    0.372938824  -0.124312941  -0.523760942 ) 

    1    1
  0.18569052  0.00000000   -0.01783437  0.00582263   -0.10365695  0.02948728
 -0.01783437 -0.00582263   -0.05012370 -0.00000000    0.08132638 -0.04150030
 -0.10365695 -0.02948728    0.08132638  0.04150030    0.16293989  0.00000000
    1    2
 -0.09472317 -0.08129037    0.02103149  0.02118056    0.00195809  0.02147561
  0.02103149  0.02118056   -0.02185192 -0.02572790   -0.00126726  0.06256329
  0.00195809  0.02147561   -0.00126726  0.06256329    0.12342332  0.03893439
    2    1
 -0.09472317  0.08129037    0.02103149 -0.02118056    0.00195809 -0.02147561
  0.02103149 -0.02118056   -0.02185192  0.02572790   -0.00126726 -0.06256329
  0.00195809 -0.02147561   -0.00126726 -0.06256329    0.12342332 -0.03893439
    2    2
  0.18569052  0.00000000   -0.01783437 -0.00582263   -0.10365695 -0.02948728
 -0.01783437  0.00582263   -0.05012370  0.00000000    0.08132638  0.04150030
 -0.10365695  0.02948728    0.08132638 -0.04150030    0.16293989  0.00000000

     Dynamical  Matrix in cartesian axes

     q = (   -0.124312941   0.372938824  -0.523760942 ) 

    1    1
 -0.05012370  0.00000000   -0.01783437  0.00582263    0.08132638  0.04150030
 -0.01783437 -0.00582263    0.18569052  0.00000000   -0.10365695 -0.02948728
  0.08132638 -0.04150030   -0.10365695  0.02948728    0.16293989  0.00000000
    1    2
 -0.01135505 -0.03178826    0.00782716  0.02880408    0.05481502  0.03018417
  0.00782716  0.02880408   -0.02303794 -0.12267786    0.01761938  0.01243356
  0.05481502  0.03018417    0.01761938  0.01243356   -0.02799349  0.12635492
    2    1
 -0.01135505  0.03178826    0.00782716 -0.02880408    0.05481502 -0.03018417
  0.00782716 -0.02880408   -0.02303794  0.12267786    0.01761938 -0.01243356
  0.05481502 -0.03018417    0.01761938 -0.01243356   -0.02799349 -0.12635492
    2    2
 -0.05012370 -0.00000000   -0.01783437 -0.00582263    0.08132638 -0.04150030
 -0.01783437  0.00582263    0.18569052  0.00000000   -0.10365695  0.02948728
  0.08132638  0.04150030   -0.10365695 -0.02948728    0.16293989 -0.00000000

     Dynamical  Matrix in cartesian axes

     q = (    0.124312941  -0.372938824  -0.523760942 ) 

    1    1
 -0.05012370  0.00000000   -0.01783437  0.00582263   -0.08132638 -0.04150030
 -0.01783437 -0.00582263    0.18569052  0.00000000    0.10365695  0.02948728
 -0.08132638  0.04150030    0.10365695 -0.02948728    0.16293989  0.00000000
    1    2
 -0.03320697 -0.00606037    0.02885864  0.00762352   -0.05354777  0.03237912
  0.02885864  0.00762352   -0.11776111 -0.04138749   -0.01957747  0.00904205
 -0.05354777  0.03237912   -0.01957747  0.00904205    0.09542983  0.08742053
    2    1
 -0.03320697  0.00606037    0.02885864 -0.00762352   -0.05354777 -0.03237912
  0.02885864 -0.00762352   -0.11776111  0.04138749   -0.01957747 -0.00904205
 -0.05354777 -0.03237912   -0.01957747 -0.00904205    0.09542983 -0.08742053
    2    2
 -0.05012370  0.00000000   -0.01783437 -0.00582263   -0.08132638  0.04150030
 -0.01783437  0.00582263    0.18569052  0.00000000    0.10365695 -0.02948728
 -0.08132638 -0.04150030    0.10365695  0.02948728    0.16293989  0.00000000

     Diagonalizing the dynamical matrix

     q = (    0.372938824   0.124312941   0.523760942 ) 

 **************************************************************************
     freq (    1) =      -5.461004 [THz] =    -182.159483 [cm-1]
 (  0.079799  0.108596  0.176096  0.549523 -0.355773 -0.149262 ) 
 (  0.115599 -0.069267  0.374981 -0.438606 -0.385815  0.000000 ) 
     freq (    2) =      -2.060330 [THz] =     -68.725212 [cm-1]
 ( -0.082432  0.020054  0.257670 -0.645100 -0.028229  0.097250 ) 
 ( -0.042238  0.073574  0.691358 -0.067622 -0.101264  0.000000 ) 
     freq (    3) =       2.603204 [THz] =      86.833543 [cm-1]
 ( -0.495000 -0.352228 -0.020293  0.080841  0.077215  0.343513 ) 
 (  0.452211  0.405703 -0.074422  0.037528 -0.352084  0.000000 ) 
     freq (    4) =       2.919556 [THz] =      97.385905 [cm-1]
 (  0.377378  0.098036 -0.292769 -0.205975 -0.353702  0.307783 ) 
 (  0.220331 -0.321682 -0.085648  0.347568 -0.468866  0.000000 ) 
     freq (    5) =       7.095944 [THz] =     236.695209 [cm-1]
 (  0.227768  0.356914 -0.021353  0.196838 -0.132622  0.513755 ) 
 (  0.288655  0.309749  0.195928  0.028525  0.530597  0.000000 ) 
     freq (    6) =       8.124640 [THz] =     271.008810 [cm-1]
 ( -0.206240 -0.481379 -0.084111 -0.055709 -0.448872 -0.118638 ) 
 (  0.322399 -0.412698  0.095554 -0.032367  0.464285  0.000000 ) 
 **************************************************************************
