Dynamical matrix file
BETA-TIN PHONONS                                                           
  1    2  0 10.5638179  1.0000000  0.4746934  0.0000000  0.0000000  0.0000000
Basis vectors
     -0.670351232    0.670351232    0.318211331
      0.670351232   -0.670351232    0.318211331
      0.670351232    0.670351232   -0.318211331
           1  'Ge  '    66207.3097484883     
    1    1     -0.0000000000      1.0055268480      0.0795528329
    2    1      0.6703512320     -0.3351756160      0.2386584986

     Dynamical  Matrix in cartesian axes

     q = (    0.248625883   0.248625883   0.523760942 ) 

    1    1
 -0.00792828  0.00000000   -0.00623475 -0.00248820   -0.00634307 -0.00180515
 -0.00623475  0.00248820   -0.00792828  0.00000000   -0.00634307  0.00180515
 -0.00634307  0.00180515   -0.00634307 -0.00180515    0.12233307  0.00000000
    1    2
 -0.00554195  0.01038571   -0.00322467 -0.00186176    0.01950797  0.00452204
 -0.00322467 -0.00186176    0.00622331 -0.00999232    0.01367019  0.01463338
  0.01950797  0.00452204    0.01367019  0.01463338   -0.01256402 -0.00725384
    2    1
 -0.00554195 -0.01038571   -0.00322467  0.00186176    0.01950797 -0.00452204
 -0.00322467  0.00186176    0.00622331  0.00999232    0.01367019 -0.01463338
  0.01950797 -0.00452204    0.01367019 -0.01463338   -0.01256402  0.00725384
    2    2
 -0.00792828  0.00000000   -0.00623475  0.00248820   -0.00634307  0.00180515
 -0.00623475 -0.00248820   -0.00792828  0.00000000   -0.00634307 -0.00180515
 -0.00634307 -0.00180515   -0.00634307  0.00180515    0.12233307 -0.00000000

     Dynamical  Matrix in cartesian axes

     q = (   -0.248625883  -0.248625883  -0.523760942 ) 

    1    1
 -0.00792828  0.00000000   -0.00623475  0.00248820   -0.00634307  0.00180515
 -0.00623475 -0.00248820   -0.00792828  0.00000000   -0.00634307 -0.00180515
 -0.00634307 -0.00180515   -0.00634307  0.00180515    0.12233307 -0.00000000
    1    2
 -0.00554195 -0.01038571   -0.00322467  0.00186176    0.01950797 -0.00452204
 -0.00322467  0.00186176    0.00622331  0.00999232    0.01367019 -0.01463338
  0.01950797 -0.00452204    0.01367019 -0.01463338   -0.01256402  0.00725384
    2    1
 -0.00554195  0.01038571   -0.00322467 -0.00186176    0.01950797  0.00452204
 -0.00322467 -0.00186176    0.00622331 -0.00999232    0.01367019  0.01463338
  0.01950797  0.00452204    0.01367019  0.01463338   -0.01256402 -0.00725384
    2    2
 -0.00792828  0.00000000   -0.00623475 -0.00248820   -0.00634307 -0.00180515
 -0.00623475  0.00248820   -0.00792828  0.00000000   -0.00634307  0.00180515
 -0.00634307  0.00180515   -0.00634307 -0.00180515    0.12233307  0.00000000

     Dynamical  Matrix in cartesian axes

     q = (   -0.248625883   0.248625883  -0.523760942 ) 

    1    1
 -0.00792828  0.00000000    0.00623475 -0.00248820   -0.00634307  0.00180515
  0.00623475  0.00248820   -0.00792828  0.00000000    0.00634307  0.00180515
 -0.00634307 -0.00180515    0.00634307 -0.00180515    0.12233307  0.00000000
    1    2
 -0.00622331  0.00999232   -0.00322467 -0.00186176   -0.01367019 -0.01463338
 -0.00322467 -0.00186176    0.00554195 -0.01038571    0.01950797  0.00452204
 -0.01367019 -0.01463338    0.01950797  0.00452204    0.01256402  0.00725384
    2    1
 -0.00622331 -0.00999232   -0.00322467  0.00186176   -0.01367019  0.01463338
 -0.00322467  0.00186176    0.00554195  0.01038571    0.01950797 -0.00452204
 -0.01367019  0.01463338    0.01950797 -0.00452204    0.01256402 -0.00725384
    2    2
 -0.00792828 -0.00000000    0.00623475  0.00248820   -0.00634307 -0.00180515
  0.00623475 -0.00248820   -0.00792828 -0.00000000    0.00634307 -0.00180515
 -0.00634307  0.00180515    0.00634307  0.00180515    0.12233307  0.00000000

     Dynamical  Matrix in cartesian axes

     q = (   -0.248625883  -0.248625883   0.523760942 ) 

    1    1
 -0.00792828  0.00000000   -0.00623475 -0.00248820    0.00634307  0.00180515
 -0.00623475  0.00248820   -0.00792828  0.00000000    0.00634307 -0.00180515
  0.00634307 -0.00180515    0.00634307  0.00180515    0.12233307 -0.00000000
    1    2
  0.01176526 -0.00039339    0.00000000  0.00372353    0.00583779  0.01915542
 -0.00000000  0.00372353   -0.01176526 -0.00039339   -0.00583779  0.01915542
  0.00583779  0.01915542   -0.00583779  0.01915542   -0.00000000  0.01450768
    2    1
  0.01176526  0.00039339    0.00000000 -0.00372353    0.00583779 -0.01915542
 -0.00000000 -0.00372353   -0.01176526  0.00039339   -0.00583779 -0.01915542
  0.00583779 -0.01915542   -0.00583779 -0.01915542   -0.00000000 -0.01450768
    2    2
 -0.00792828  0.00000000   -0.00623475  0.00248820    0.00634307 -0.00180515
 -0.00623475 -0.00248820   -0.00792828  0.00000000    0.00634307  0.00180515
  0.00634307  0.00180515    0.00634307 -0.00180515    0.12233307  0.00000000

     Dynamical  Matrix in cartesian axes

     q = (    0.248625883  -0.248625883   0.523760942 ) 

    1    1
 -0.00792828 -0.00000000    0.00623475  0.00248820   -0.00634307 -0.00180515
  0.00623475 -0.00248820   -0.00792828 -0.00000000    0.00634307 -0.00180515
 -0.00634307  0.00180515    0.00634307  0.00180515    0.12233307  0.00000000
    1    2
 -0.00622331 -0.00999232   -0.00322467  0.00186176   -0.01367019  0.01463338
 -0.00322467  0.00186176    0.00554195  0.01038571    0.01950797 -0.00452204
 -0.01367019  0.01463338    0.01950797 -0.00452204    0.01256402 -0.00725384
    2    1
 -0.00622331  0.00999232   -0.00322467 -0.00186176   -0.01367019 -0.01463338
 -0.00322467 -0.00186176    0.00554195 -0.01038571    0.01950797  0.00452204
 -0.01367019 -0.01463338    0.01950797  0.00452204    0.01256402  0.00725384
    2    2
 -0.00792828  0.00000000    0.00623475 -0.00248820   -0.00634307  0.00180515
  0.00623475  0.00248820   -0.00792828  0.00000000    0.00634307  0.00180515
 -0.00634307 -0.00180515    0.00634307 -0.00180515    0.12233307  0.00000000

     Dynamical  Matrix in cartesian axes

     q = (    0.248625883   0.248625883  -0.523760942 ) 

    1    1
 -0.00792828  0.00000000   -0.00623475  0.00248820    0.00634307 -0.00180515
 -0.00623475 -0.00248820   -0.00792828  0.00000000    0.00634307  0.00180515
  0.00634307  0.00180515    0.00634307 -0.00180515    0.12233307  0.00000000
    1    2
  0.01176526  0.00039339   -0.00000000 -0.00372353    0.00583779 -0.01915542
 -0.00000000 -0.00372353   -0.01176526  0.00039339   -0.00583779 -0.01915542
  0.00583779 -0.01915542   -0.00583779 -0.01915542   -0.00000000 -0.01450768
    2    1
  0.01176526 -0.00039339   -0.00000000  0.00372353    0.00583779  0.01915542
 -0.00000000  0.00372353   -0.01176526 -0.00039339   -0.00583779  0.01915542
  0.00583779  0.01915542   -0.00583779  0.01915542   -0.00000000  0.01450768
    2    2
 -0.00792828  0.00000000   -0.00623475 -0.00248820    0.00634307  0.00180515
 -0.00623475  0.00248820   -0.00792828  0.00000000    0.00634307 -0.00180515
  0.00634307 -0.00180515    0.00634307  0.00180515    0.12233307 -0.00000000

     Dynamical  Matrix in cartesian axes

     q = (   -0.248625883   0.248625883   0.523760942 ) 

    1    1
 -0.00792828  0.00000000    0.00623475  0.00248820    0.00634307  0.00180515
  0.00623475 -0.00248820   -0.00792828  0.00000000   -0.00634307  0.00180515
  0.00634307 -0.00180515   -0.00634307 -0.00180515    0.12233307  0.00000000
    1    2
 -0.00622331 -0.00999232   -0.00322467  0.00186176    0.01367019 -0.01463338
 -0.00322467  0.00186176    0.00554195  0.01038571   -0.01950797  0.00452204
  0.01367019 -0.01463338   -0.01950797  0.00452204    0.01256402 -0.00725384
    2    1
 -0.00622331  0.00999232   -0.00322467 -0.00186176    0.01367019  0.01463338
 -0.00322467 -0.00186176    0.00554195 -0.01038571   -0.01950797 -0.00452204
  0.01367019  0.01463338   -0.01950797 -0.00452204    0.01256402  0.00725384
    2    2
 -0.00792828 -0.00000000    0.00623475 -0.00248820    0.00634307 -0.00180515
  0.00623475  0.00248820   -0.00792828 -0.00000000   -0.00634307 -0.00180515
  0.00634307  0.00180515   -0.00634307  0.00180515    0.12233307  0.00000000

     Dynamical  Matrix in cartesian axes

     q = (    0.248625883  -0.248625883  -0.523760942 ) 

    1    1
 -0.00792828 -0.00000000    0.00623475 -0.00248820    0.00634307 -0.00180515
  0.00623475  0.00248820   -0.00792828 -0.00000000   -0.00634307 -0.00180515
  0.00634307  0.00180515   -0.00634307  0.00180515    0.12233307  0.00000000
    1    2
 -0.00622331  0.00999232   -0.00322467 -0.00186176    0.01367019  0.01463338
 -0.00322467 -0.00186176    0.00554195 -0.01038571   -0.01950797 -0.00452204
  0.01367019  0.01463338   -0.01950797 -0.00452204    0.01256402  0.00725384
    2    1
 -0.00622331 -0.00999232   -0.00322467  0.00186176    0.01367019 -0.01463338
 -0.00322467  0.00186176    0.00554195  0.01038571   -0.01950797  0.00452204
  0.01367019 -0.01463338   -0.01950797  0.00452204    0.01256402 -0.00725384
    2    2
 -0.00792828  0.00000000    0.00623475  0.00248820    0.00634307  0.00180515
  0.00623475 -0.00248820   -0.00792828  0.00000000   -0.00634307  0.00180515
  0.00634307 -0.00180515   -0.00634307 -0.00180515    0.12233307  0.00000000

     Diagonalizing the dynamical matrix

     q = (    0.248625883   0.248625883   0.523760942 ) 

 **************************************************************************
     freq (    1) =      -2.059212 [THz] =     -68.687917 [cm-1]
 ( -0.493845 -0.007293 -0.253239 -0.424036  0.095369  0.055061 ) 
 ( -0.431329 -0.240607 -0.431329  0.240607  0.110123  0.000000 ) 
     freq (    2) =      -2.023472 [THz] =     -67.495768 [cm-1]
 ( -0.278715 -0.404920 -0.490029 -0.038914 -0.111966 -0.064643 ) 
 (  0.443834 -0.211314  0.443834  0.211314  0.129287  0.000000 ) 
     freq (    3) =      -0.336522 [THz] =     -11.225164 [cm-1]
 (  0.006952 -0.499944 -0.429489  0.255992 -0.003353 -0.001936 ) 
 ( -0.243952  0.436440 -0.243952 -0.436440 -0.003872  0.000000 ) 
     freq (    4) =       1.126454 [THz] =      37.574448 [cm-1]
 ( -0.398956  0.291712  0.053152 -0.491362 -0.092776 -0.053564 ) 
 (  0.199650  0.452108  0.199650 -0.452108  0.107128  0.000000 ) 
     freq (    5) =       4.262695 [THz] =     142.188202 [cm-1]
 (  0.077900 -0.001622  0.037546  0.068274  0.604891  0.349234 ) 
 (  0.066653  0.040354  0.066653 -0.040354  0.698468  0.000000 ) 
     freq (    6) =       4.880624 [THz] =     162.800096 [cm-1]
 (  0.114683  0.030719  0.083945  0.083959 -0.594858 -0.343442 ) 
 ( -0.114677 -0.030738 -0.114677  0.030738  0.686883  0.000000 ) 
 **************************************************************************
