Dynamical matrix file
BETA-TIN PHONONS                                                           
  1    2  0 10.5638179  1.0000000  0.4746934  0.0000000  0.0000000  0.0000000
Basis vectors
     -0.670351232    0.670351232    0.318211331
      0.670351232   -0.670351232    0.318211331
      0.670351232    0.670351232   -0.318211331
           1  'Ge  '    66207.3097484883     
    1    1     -0.0000000000      1.0055268480      0.0795528329
    2    1      0.6703512320     -0.3351756160      0.2386584986

     Dynamical  Matrix in cartesian axes

     q = (    0.372938824   0.248625883   0.261880471 ) 

    1    1
 -0.01611539 -0.00000000   -0.00723144  0.00165257    0.00375358 -0.00071800
 -0.00723144 -0.00165257    0.07285296  0.00000000   -0.00899122 -0.00663072
  0.00375358  0.00071800   -0.00899122  0.00663072    0.05877375  0.00000000
    1    2
 -0.00970165 -0.00786993    0.00570656 -0.00129932   -0.00093856 -0.00733600
  0.00570656 -0.00129932   -0.03351508 -0.05421984    0.01027383  0.01637680
 -0.00093856 -0.00733600    0.01027383  0.01637680   -0.00098804 -0.00498023
    2    1
 -0.00970165  0.00786993    0.00570656  0.00129932   -0.00093856  0.00733600
  0.00570656  0.00129932   -0.03351508  0.05421984    0.01027383 -0.01637680
 -0.00093856  0.00733600    0.01027383 -0.01637680   -0.00098804  0.00498023
    2    2
 -0.01611539  0.00000000   -0.00723144 -0.00165257    0.00375358  0.00071800
 -0.00723144  0.00165257    0.07285296 -0.00000000   -0.00899122  0.00663072
  0.00375358 -0.00071800   -0.00899122 -0.00663072    0.05877375 -0.00000000

     Dynamical  Matrix in cartesian axes

     q = (    0.372938824  -0.248625883   0.261880471 ) 

    1    1
 -0.01611539 -0.00000000    0.00723144 -0.00165257    0.00375358 -0.00071800
  0.00723144  0.00165257    0.07285296  0.00000000    0.00899122  0.00663072
  0.00375358  0.00071800    0.00899122 -0.00663072    0.05877375  0.00000000
    1    2
  0.01166639 -0.00446691    0.00172804 -0.00559168    0.00682244  0.00285519
  0.00172804 -0.00559168    0.06371330 -0.00191499    0.01931964 -0.00070900
  0.00682244  0.00285519    0.01931964 -0.00070900    0.00480703  0.00163445
    2    1
  0.01166639  0.00446691    0.00172804  0.00559168    0.00682244 -0.00285519
  0.00172804  0.00559168    0.06371330  0.00191499    0.01931964  0.00070900
  0.00682244 -0.00285519    0.01931964  0.00070900    0.00480703 -0.00163445
    2    2
 -0.01611539  0.00000000    0.00723144  0.00165257    0.00375358  0.00071800
  0.00723144 -0.00165257    0.07285296  0.00000000    0.00899122 -0.00663072
  0.00375358 -0.00071800    0.00899122  0.00663072    0.05877375 -0.00000000

     Dynamical  Matrix in cartesian axes

     q = (    0.248625883   0.372938824   0.261880471 ) 

    1    1
  0.07285296 -0.00000000   -0.00723144  0.00165257   -0.00899122  0.00663072
 -0.00723144 -0.00165257   -0.01611539  0.00000000    0.00375358  0.00071800
 -0.00899122 -0.00663072    0.00375358 -0.00071800    0.05877375  0.00000000
    1    2
 -0.03019822 -0.05613483   -0.00397852  0.00429237    0.00904580  0.01708580
 -0.00397852  0.00429237   -0.00196474 -0.01233684   -0.00588389 -0.00448081
  0.00904580  0.01708580   -0.00588389 -0.00448081   -0.00381899 -0.00334579
    2    1
 -0.03019822  0.05613483   -0.00397852 -0.00429237    0.00904580 -0.01708580
 -0.00397852 -0.00429237   -0.00196474  0.01233684   -0.00588389  0.00448081
  0.00904580 -0.01708580   -0.00588389  0.00448081   -0.00381899  0.00334579
    2    2
  0.07285296  0.00000000   -0.00723144 -0.00165257   -0.00899122 -0.00663072
 -0.00723144  0.00165257   -0.01611539 -0.00000000    0.00375358 -0.00071800
 -0.00899122  0.00663072    0.00375358  0.00071800    0.05877375  0.00000000

     Dynamical  Matrix in cartesian axes

     q = (    0.248625883   0.372938824  -0.261880471 ) 

    1    1
  0.07285296  0.00000000   -0.00723144 -0.00165257    0.00899122  0.00663072
 -0.00723144  0.00165257   -0.01611539 -0.00000000   -0.00375358  0.00071800
  0.00899122 -0.00663072   -0.00375358 -0.00071800    0.05877375  0.00000000
    1    2
  0.06371330 -0.00191499   -0.00172804  0.00559168    0.01931964 -0.00070900
 -0.00172804  0.00559168    0.01166639 -0.00446691   -0.00682244 -0.00285519
  0.01931964 -0.00070900   -0.00682244 -0.00285519    0.00480703  0.00163445
    2    1
  0.06371330  0.00191499   -0.00172804 -0.00559168    0.01931964  0.00070900
 -0.00172804 -0.00559168    0.01166639  0.00446691   -0.00682244  0.00285519
  0.01931964  0.00070900   -0.00682244  0.00285519    0.00480703 -0.00163445
    2    2
  0.07285296 -0.00000000   -0.00723144  0.00165257    0.00899122 -0.00663072
 -0.00723144 -0.00165257   -0.01611539  0.00000000   -0.00375358 -0.00071800
  0.00899122  0.00663072   -0.00375358  0.00071800    0.05877375 -0.00000000

     Dynamical  Matrix in cartesian axes

     q = (   -0.372938824  -0.248625883   0.261880471 ) 

    1    1
 -0.01611539 -0.00000000   -0.00723144  0.00165257   -0.00375358  0.00071800
 -0.00723144 -0.00165257    0.07285296  0.00000000    0.00899122  0.00663072
 -0.00375358 -0.00071800    0.00899122 -0.00663072    0.05877375  0.00000000
    1    2
 -0.01166639  0.00446691    0.00172804 -0.00559168    0.00682244  0.00285519
  0.00172804 -0.00559168   -0.06371330  0.00191499   -0.01931964  0.00070900
  0.00682244  0.00285519   -0.01931964  0.00070900   -0.00480703 -0.00163445
    2    1
 -0.01166639 -0.00446691    0.00172804  0.00559168    0.00682244 -0.00285519
  0.00172804  0.00559168   -0.06371330 -0.00191499   -0.01931964 -0.00070900
  0.00682244 -0.00285519   -0.01931964 -0.00070900   -0.00480703  0.00163445
    2    2
 -0.01611539  0.00000000   -0.00723144 -0.00165257   -0.00375358 -0.00071800
 -0.00723144  0.00165257    0.07285296 -0.00000000    0.00899122 -0.00663072
 -0.00375358  0.00071800    0.00899122  0.00663072    0.05877375  0.00000000

     Dynamical  Matrix in cartesian axes

     q = (   -0.248625883  -0.372938824   0.261880471 ) 

    1    1
  0.07285296 -0.00000000   -0.00723144  0.00165257    0.00899122 -0.00663072
 -0.00723144 -0.00165257   -0.01611539  0.00000000   -0.00375358 -0.00071800
  0.00899122  0.00663072   -0.00375358  0.00071800    0.05877375 -0.00000000
    1    2
  0.06371330  0.00191499   -0.00172804 -0.00559168    0.01931964  0.00070900
 -0.00172804 -0.00559168    0.01166639  0.00446691   -0.00682244  0.00285519
  0.01931964  0.00070900   -0.00682244  0.00285519    0.00480703 -0.00163445
    2    1
  0.06371330 -0.00191499   -0.00172804  0.00559168    0.01931964 -0.00070900
 -0.00172804  0.00559168    0.01166639 -0.00446691   -0.00682244 -0.00285519
  0.01931964 -0.00070900   -0.00682244 -0.00285519    0.00480703  0.00163445
    2    2
  0.07285296  0.00000000   -0.00723144 -0.00165257    0.00899122  0.00663072
 -0.00723144  0.00165257   -0.01611539 -0.00000000   -0.00375358  0.00071800
  0.00899122 -0.00663072   -0.00375358 -0.00071800    0.05877375  0.00000000

     Dynamical  Matrix in cartesian axes

     q = (   -0.372938824  -0.248625883  -0.261880471 ) 

    1    1
 -0.01611539  0.00000000   -0.00723144 -0.00165257    0.00375358  0.00071800
 -0.00723144  0.00165257    0.07285296 -0.00000000   -0.00899122  0.00663072
  0.00375358 -0.00071800   -0.00899122 -0.00663072    0.05877375 -0.00000000
    1    2
 -0.00970165  0.00786993    0.00570656  0.00129932   -0.00093856  0.00733600
  0.00570656  0.00129932   -0.03351508  0.05421984    0.01027383 -0.01637680
 -0.00093856  0.00733600    0.01027383 -0.01637680   -0.00098804  0.00498023
    2    1
 -0.00970165 -0.00786993    0.00570656 -0.00129932   -0.00093856 -0.00733600
  0.00570656 -0.00129932   -0.03351508 -0.05421984    0.01027383  0.01637680
 -0.00093856 -0.00733600    0.01027383  0.01637680   -0.00098804 -0.00498023
    2    2
 -0.01611539 -0.00000000   -0.00723144  0.00165257    0.00375358 -0.00071800
 -0.00723144 -0.00165257    0.07285296  0.00000000   -0.00899122 -0.00663072
  0.00375358  0.00071800   -0.00899122  0.00663072    0.05877375  0.00000000

     Dynamical  Matrix in cartesian axes

     q = (   -0.248625883  -0.372938824  -0.261880471 ) 

    1    1
  0.07285296  0.00000000   -0.00723144 -0.00165257   -0.00899122 -0.00663072
 -0.00723144  0.00165257   -0.01611539 -0.00000000    0.00375358 -0.00071800
 -0.00899122  0.00663072    0.00375358  0.00071800    0.05877375  0.00000000
    1    2
 -0.03019822  0.05613483   -0.00397852 -0.00429237    0.00904580 -0.01708580
 -0.00397852 -0.00429237   -0.00196474  0.01233684   -0.00588389  0.00448081
  0.00904580 -0.01708580   -0.00588389  0.00448081   -0.00381899  0.00334579
    2    1
 -0.03019822 -0.05613483   -0.00397852  0.00429237    0.00904580  0.01708580
 -0.00397852  0.00429237   -0.00196474 -0.01233684   -0.00588389 -0.00448081
  0.00904580  0.01708580   -0.00588389 -0.00448081   -0.00381899 -0.00334579
    2    2
  0.07285296 -0.00000000   -0.00723144  0.00165257   -0.00899122  0.00663072
 -0.00723144 -0.00165257   -0.01611539  0.00000000    0.00375358  0.00071800
 -0.00899122 -0.00663072    0.00375358 -0.00071800    0.05877375  0.00000000

     Dynamical  Matrix in cartesian axes

     q = (    0.372938824   0.248625883  -0.261880471 ) 

    1    1
 -0.01611539  0.00000000   -0.00723144 -0.00165257   -0.00375358 -0.00071800
 -0.00723144  0.00165257    0.07285296 -0.00000000    0.00899122 -0.00663072
 -0.00375358  0.00071800    0.00899122  0.00663072    0.05877375  0.00000000
    1    2
 -0.01166639 -0.00446691    0.00172804  0.00559168    0.00682244 -0.00285519
  0.00172804  0.00559168   -0.06371330 -0.00191499   -0.01931964 -0.00070900
  0.00682244 -0.00285519   -0.01931964 -0.00070900   -0.00480703  0.00163445
    2    1
 -0.01166639  0.00446691    0.00172804 -0.00559168    0.00682244  0.00285519
  0.00172804 -0.00559168   -0.06371330  0.00191499   -0.01931964  0.00070900
  0.00682244  0.00285519   -0.01931964  0.00070900   -0.00480703 -0.00163445
    2    2
 -0.01611539 -0.00000000   -0.00723144  0.00165257   -0.00375358  0.00071800
 -0.00723144 -0.00165257    0.07285296  0.00000000    0.00899122  0.00663072
 -0.00375358 -0.00071800    0.00899122 -0.00663072    0.05877375  0.00000000

     Dynamical  Matrix in cartesian axes

     q = (   -0.248625883   0.372938824   0.261880471 ) 

    1    1
  0.07285296  0.00000000    0.00723144 -0.00165257    0.00899122 -0.00663072
  0.00723144  0.00165257   -0.01611539  0.00000000    0.00375358  0.00071800
  0.00899122  0.00663072    0.00375358 -0.00071800    0.05877375  0.00000000
    1    2
  0.06371330  0.00191499    0.00172804  0.00559168    0.01931964  0.00070900
  0.00172804  0.00559168    0.01166639  0.00446691    0.00682244 -0.00285519
  0.01931964  0.00070900    0.00682244 -0.00285519    0.00480703 -0.00163445
    2    1
  0.06371330 -0.00191499    0.00172804 -0.00559168    0.01931964 -0.00070900
  0.00172804 -0.00559168    0.01166639 -0.00446691    0.00682244  0.00285519
  0.01931964 -0.00070900    0.00682244  0.00285519    0.00480703  0.00163445
    2    2
  0.07285296  0.00000000    0.00723144  0.00165257    0.00899122  0.00663072
  0.00723144 -0.00165257   -0.01611539 -0.00000000    0.00375358 -0.00071800
  0.00899122 -0.00663072    0.00375358  0.00071800    0.05877375 -0.00000000

     Dynamical  Matrix in cartesian axes

     q = (   -0.372938824   0.248625883  -0.261880471 ) 

    1    1
 -0.01611539  0.00000000    0.00723144  0.00165257    0.00375358  0.00071800
  0.00723144 -0.00165257    0.07285296  0.00000000    0.00899122 -0.00663072
  0.00375358 -0.00071800    0.00899122  0.00663072    0.05877375 -0.00000000
    1    2
  0.01166639  0.00446691    0.00172804  0.00559168    0.00682244 -0.00285519
  0.00172804  0.00559168    0.06371330  0.00191499    0.01931964  0.00070900
  0.00682244 -0.00285519    0.01931964  0.00070900    0.00480703 -0.00163445
    2    1
  0.01166639 -0.00446691    0.00172804 -0.00559168    0.00682244  0.00285519
  0.00172804 -0.00559168    0.06371330 -0.00191499    0.01931964 -0.00070900
  0.00682244  0.00285519    0.01931964 -0.00070900    0.00480703  0.00163445
    2    2
 -0.01611539 -0.00000000    0.00723144 -0.00165257    0.00375358 -0.00071800
  0.00723144  0.00165257    0.07285296  0.00000000    0.00899122  0.00663072
  0.00375358  0.00071800    0.00899122 -0.00663072    0.05877375  0.00000000

     Dynamical  Matrix in cartesian axes

     q = (   -0.372938824   0.248625883   0.261880471 ) 

    1    1
 -0.01611539  0.00000000    0.00723144 -0.00165257   -0.00375358  0.00071800
  0.00723144  0.00165257    0.07285296  0.00000000   -0.00899122 -0.00663072
 -0.00375358 -0.00071800   -0.00899122  0.00663072    0.05877375 -0.00000000
    1    2
  0.00970165  0.00786993    0.00570656 -0.00129932   -0.00093856 -0.00733600
  0.00570656 -0.00129932    0.03351508  0.05421984   -0.01027383 -0.01637680
 -0.00093856 -0.00733600   -0.01027383 -0.01637680    0.00098804  0.00498023
    2    1
  0.00970165 -0.00786993    0.00570656  0.00129932   -0.00093856  0.00733600
  0.00570656  0.00129932    0.03351508 -0.05421984   -0.01027383  0.01637680
 -0.00093856  0.00733600   -0.01027383  0.01637680    0.00098804 -0.00498023
    2    2
 -0.01611539 -0.00000000    0.00723144  0.00165257   -0.00375358 -0.00071800
  0.00723144 -0.00165257    0.07285296 -0.00000000   -0.00899122  0.00663072
 -0.00375358  0.00071800   -0.00899122 -0.00663072    0.05877375  0.00000000

     Dynamical  Matrix in cartesian axes

     q = (    0.248625883  -0.372938824   0.261880471 ) 

    1    1
  0.07285296 -0.00000000    0.00723144 -0.00165257   -0.00899122  0.00663072
  0.00723144  0.00165257   -0.01611539 -0.00000000   -0.00375358 -0.00071800
 -0.00899122 -0.00663072   -0.00375358  0.00071800    0.05877375 -0.00000000
    1    2
 -0.03019822 -0.05613483    0.00397852 -0.00429237    0.00904580  0.01708580
  0.00397852 -0.00429237   -0.00196474 -0.01233684    0.00588389  0.00448081
  0.00904580  0.01708580    0.00588389  0.00448081   -0.00381899 -0.00334579
    2    1
 -0.03019822  0.05613483    0.00397852  0.00429237    0.00904580 -0.01708580
  0.00397852  0.00429237   -0.00196474  0.01233684    0.00588389 -0.00448081
  0.00904580 -0.01708580    0.00588389 -0.00448081   -0.00381899  0.00334579
    2    2
  0.07285296  0.00000000    0.00723144  0.00165257   -0.00899122 -0.00663072
  0.00723144 -0.00165257   -0.01611539  0.00000000   -0.00375358  0.00071800
 -0.00899122  0.00663072   -0.00375358 -0.00071800    0.05877375  0.00000000

     Dynamical  Matrix in cartesian axes

     q = (    0.372938824  -0.248625883  -0.261880471 ) 

    1    1
 -0.01611539 -0.00000000    0.00723144  0.00165257   -0.00375358 -0.00071800
  0.00723144 -0.00165257    0.07285296 -0.00000000   -0.00899122  0.00663072
 -0.00375358  0.00071800   -0.00899122 -0.00663072    0.05877375  0.00000000
    1    2
  0.00970165 -0.00786993    0.00570656  0.00129932   -0.00093856  0.00733600
  0.00570656  0.00129932    0.03351508 -0.05421984   -0.01027383  0.01637680
 -0.00093856  0.00733600   -0.01027383  0.01637680    0.00098804 -0.00498023
    2    1
  0.00970165  0.00786993    0.00570656 -0.00129932   -0.00093856 -0.00733600
  0.00570656 -0.00129932    0.03351508  0.05421984   -0.01027383 -0.01637680
 -0.00093856 -0.00733600   -0.01027383 -0.01637680    0.00098804  0.00498023
    2    2
 -0.01611539  0.00000000    0.00723144 -0.00165257   -0.00375358  0.00071800
  0.00723144  0.00165257    0.07285296  0.00000000   -0.00899122 -0.00663072
 -0.00375358 -0.00071800   -0.00899122  0.00663072    0.05877375 -0.00000000

     Dynamical  Matrix in cartesian axes

     q = (   -0.248625883   0.372938824  -0.261880471 ) 

    1    1
  0.07285296  0.00000000    0.00723144  0.00165257   -0.00899122 -0.00663072
  0.00723144 -0.00165257   -0.01611539  0.00000000   -0.00375358  0.00071800
 -0.00899122  0.00663072   -0.00375358 -0.00071800    0.05877375  0.00000000
    1    2
 -0.03019822  0.05613483    0.00397852  0.00429237    0.00904580 -0.01708580
  0.00397852  0.00429237   -0.00196474  0.01233684    0.00588389 -0.00448081
  0.00904580 -0.01708580    0.00588389 -0.00448081   -0.00381899  0.00334579
    2    1
 -0.03019822 -0.05613483    0.00397852 -0.00429237    0.00904580  0.01708580
  0.00397852 -0.00429237   -0.00196474 -0.01233684    0.00588389  0.00448081
  0.00904580  0.01708580    0.00588389  0.00448081   -0.00381899 -0.00334579
    2    2
  0.07285296 -0.00000000    0.00723144 -0.00165257   -0.00899122  0.00663072
  0.00723144  0.00165257   -0.01611539 -0.00000000   -0.00375358 -0.00071800
 -0.00899122 -0.00663072   -0.00375358  0.00071800    0.05877375 -0.00000000

     Dynamical  Matrix in cartesian axes

     q = (    0.248625883  -0.372938824  -0.261880471 ) 

    1    1
  0.07285296  0.00000000    0.00723144  0.00165257    0.00899122  0.00663072
  0.00723144 -0.00165257   -0.01611539 -0.00000000    0.00375358 -0.00071800
  0.00899122 -0.00663072    0.00375358  0.00071800    0.05877375 -0.00000000
    1    2
  0.06371330 -0.00191499    0.00172804 -0.00559168    0.01931964 -0.00070900
  0.00172804 -0.00559168    0.01166639 -0.00446691    0.00682244  0.00285519
  0.01931964 -0.00070900    0.00682244  0.00285519    0.00480703  0.00163445
    2    1
  0.06371330  0.00191499    0.00172804  0.00559168    0.01931964  0.00070900
  0.00172804  0.00559168    0.01166639  0.00446691    0.00682244 -0.00285519
  0.01931964  0.00070900    0.00682244 -0.00285519    0.00480703 -0.00163445
    2    2
  0.07285296  0.00000000    0.00723144 -0.00165257    0.00899122 -0.00663072
  0.00723144  0.00165257   -0.01611539  0.00000000    0.00375358  0.00071800
  0.00899122  0.00663072    0.00375358 -0.00071800    0.05877375  0.00000000

     Diagonalizing the dynamical matrix

     q = (    0.372938824   0.248625883   0.261880471 ) 

 **************************************************************************
     freq (    1) =      -2.199342 [THz] =     -73.362159 [cm-1]
 ( -0.320716  0.623783 -0.069231  0.044134 -0.035080 -0.008002 ) 
 (  0.173957  0.679488  0.057682  0.058425  0.035982  0.000000 ) 
     freq (    2) =      -1.084773 [THz] =     -36.184119 [cm-1]
 ( -0.375717 -0.546790 -0.205760  0.080222  0.042874  0.096161 ) 
 (  0.652399  0.120491  0.010520  0.220594 -0.105286  0.000000 ) 
     freq (    3) =       1.118373 [THz] =      37.304923 [cm-1]
 (  0.188643 -0.130109  0.163070  0.621160  0.032940 -0.184305 ) 
 ( -0.161269  0.162810  0.582781  0.269812 -0.187225  0.000000 ) 
     freq (    4) =       2.955657 [THz] =      98.590117 [cm-1]
 (  0.004256 -0.059775 -0.241904  0.112084 -0.594921  0.267203 ) 
 ( -0.028373 -0.052784  0.266591  0.003134  0.652172  0.000000 ) 
     freq (    5) =       3.102996 [THz] =     103.504799 [cm-1]
 (  0.025226 -0.086771  0.097789 -0.097267  0.644315 -0.240143 ) 
 (  0.053941  0.072497  0.125601  0.056990  0.687613  0.000000 ) 
     freq (    6) =       4.915728 [THz] =     163.971049 [cm-1]
 ( -0.054950 -0.024541  0.436699  0.501243 -0.184765 -0.142442 ) 
 (  0.058502  0.014115 -0.651891  0.130340  0.233298  0.000000 ) 
 **************************************************************************
