Dynamical matrix file
BETA-TIN PHONONS                                                           
  1    2  0 10.5638179  1.0000000  0.4746934  0.0000000  0.0000000  0.0000000
Basis vectors
     -0.670351232    0.670351232    0.318211331
      0.670351232   -0.670351232    0.318211331
      0.670351232    0.670351232   -0.318211331
           1  'Ge  '    66207.3097484883     
    1    1     -0.0000000000      1.0055268480      0.0795528329
    2    1      0.6703512320     -0.3351756160      0.2386584986

     Dynamical  Matrix in cartesian axes

     q = (    0.124312941   0.372938824   0.000000000 ) 

    1    1
  0.04508913  0.00000000   -0.05974071  0.00000000   -0.00000000 -0.01748485
 -0.05974071 -0.00000000    0.12725709 -0.00000000   -0.00000000  0.02685121
  0.00000000  0.01748485    0.00000000 -0.02685121    0.03149285  0.00000000
    1    2
  0.03587082 -0.02071003   -0.03488103  0.02013857    0.00926001  0.01603881
 -0.03488103  0.02013857    0.12055701 -0.06960362   -0.02280753 -0.03950380
  0.00926001  0.01603881   -0.02280753 -0.03950380   -0.00688546  0.00397532
    2    1
  0.03587082  0.02071003   -0.03488103 -0.02013857    0.00926001 -0.01603881
 -0.03488103 -0.02013857    0.12055701  0.06960362   -0.02280753  0.03950380
  0.00926001 -0.01603881   -0.02280753  0.03950380   -0.00688546 -0.00397532
    2    2
  0.04508913  0.00000000   -0.05974071 -0.00000000   -0.00000000  0.01748485
 -0.05974071  0.00000000    0.12725709 -0.00000000   -0.00000000 -0.02685121
  0.00000000 -0.01748485    0.00000000  0.02685121    0.03149285 -0.00000000

     Dynamical  Matrix in cartesian axes

     q = (   -0.124312941   0.372938824   0.000000000 ) 

    1    1
  0.04508913  0.00000000    0.05974071 -0.00000000   -0.00000000  0.01748485
  0.05974071  0.00000000    0.12725709 -0.00000000    0.00000000  0.02685121
 -0.00000000 -0.01748485   -0.00000000 -0.02685121    0.03149285  0.00000000
    1    2
  0.03587082  0.02071003    0.03488103  0.02013857    0.00926001 -0.01603881
  0.03488103  0.02013857    0.12055701  0.06960362    0.02280753 -0.03950380
  0.00926001 -0.01603881    0.02280753 -0.03950380   -0.00688546 -0.00397532
    2    1
  0.03587082 -0.02071003    0.03488103 -0.02013857    0.00926001  0.01603881
  0.03488103 -0.02013857    0.12055701 -0.06960362    0.02280753  0.03950380
  0.00926001  0.01603881    0.02280753  0.03950380   -0.00688546  0.00397532
    2    2
  0.04508913 -0.00000000    0.05974071 -0.00000000    0.00000000 -0.01748485
  0.05974071 -0.00000000    0.12725709 -0.00000000   -0.00000000 -0.02685121
 -0.00000000  0.01748485   -0.00000000  0.02685121    0.03149285 -0.00000000

     Dynamical  Matrix in cartesian axes

     q = (    0.124312941  -0.372938824   0.000000000 ) 

    1    1
  0.04508913 -0.00000000    0.05974071 -0.00000000    0.00000000 -0.01748485
  0.05974071 -0.00000000    0.12725709 -0.00000000   -0.00000000 -0.02685121
 -0.00000000  0.01748485   -0.00000000  0.02685121    0.03149285 -0.00000000
    1    2
  0.03587082 -0.02071003    0.03488103 -0.02013857    0.00926001  0.01603881
  0.03488103 -0.02013857    0.12055701 -0.06960362    0.02280753  0.03950380
  0.00926001  0.01603881    0.02280753  0.03950380   -0.00688546  0.00397532
    2    1
  0.03587082  0.02071003    0.03488103  0.02013857    0.00926001 -0.01603881
  0.03488103  0.02013857    0.12055701  0.06960362    0.02280753 -0.03950380
  0.00926001 -0.01603881    0.02280753 -0.03950380   -0.00688546 -0.00397532
    2    2
  0.04508913  0.00000000    0.05974071 -0.00000000   -0.00000000  0.01748485
  0.05974071  0.00000000    0.12725709 -0.00000000    0.00000000  0.02685121
 -0.00000000 -0.01748485   -0.00000000 -0.02685121    0.03149285  0.00000000

     Dynamical  Matrix in cartesian axes

     q = (   -0.372938824   0.124312941   0.000000000 ) 

    1    1
  0.12725709 -0.00000000    0.05974071  0.00000000    0.00000000  0.02685121
  0.05974071 -0.00000000    0.04508913  0.00000000   -0.00000000  0.01748485
  0.00000000 -0.02685121   -0.00000000 -0.01748485    0.03149285 -0.00000000
    1    2
  0.12055701 -0.06960362    0.03488103 -0.02013857   -0.02280753 -0.03950380
  0.03488103 -0.02013857    0.03587082 -0.02071003   -0.00926001 -0.01603881
 -0.02280753 -0.03950380   -0.00926001 -0.01603881   -0.00688546  0.00397532
    2    1
  0.12055701  0.06960362    0.03488103  0.02013857   -0.02280753  0.03950380
  0.03488103  0.02013857    0.03587082  0.02071003   -0.00926001  0.01603881
 -0.02280753  0.03950380   -0.00926001  0.01603881   -0.00688546 -0.00397532
    2    2
  0.12725709 -0.00000000    0.05974071 -0.00000000    0.00000000 -0.02685121
  0.05974071 -0.00000000    0.04508913 -0.00000000    0.00000000 -0.01748485
 -0.00000000  0.02685121    0.00000000  0.01748485    0.03149285  0.00000000

     Dynamical  Matrix in cartesian axes

     q = (   -0.124312941  -0.372938824   0.000000000 ) 

    1    1
  0.04508913  0.00000000   -0.05974071 -0.00000000   -0.00000000  0.01748485
 -0.05974071  0.00000000    0.12725709 -0.00000000   -0.00000000 -0.02685121
  0.00000000 -0.01748485    0.00000000  0.02685121    0.03149285 -0.00000000
    1    2
  0.03587082  0.02071003   -0.03488103 -0.02013857    0.00926001 -0.01603881
 -0.03488103 -0.02013857    0.12055701  0.06960362   -0.02280753  0.03950380
  0.00926001 -0.01603881   -0.02280753  0.03950380   -0.00688546 -0.00397532
    2    1
  0.03587082 -0.02071003   -0.03488103  0.02013857    0.00926001  0.01603881
 -0.03488103  0.02013857    0.12055701 -0.06960362   -0.02280753 -0.03950380
  0.00926001  0.01603881   -0.02280753 -0.03950380   -0.00688546  0.00397532
    2    2
  0.04508913  0.00000000   -0.05974071  0.00000000   -0.00000000 -0.01748485
 -0.05974071 -0.00000000    0.12725709 -0.00000000   -0.00000000  0.02685121
  0.00000000  0.01748485    0.00000000 -0.02685121    0.03149285  0.00000000

     Dynamical  Matrix in cartesian axes

     q = (    0.372938824  -0.124312941   0.000000000 ) 

    1    1
  0.12725709 -0.00000000    0.05974071 -0.00000000    0.00000000 -0.02685121
  0.05974071 -0.00000000    0.04508913 -0.00000000    0.00000000 -0.01748485
 -0.00000000  0.02685121    0.00000000  0.01748485    0.03149285  0.00000000
    1    2
  0.12055701  0.06960362    0.03488103  0.02013857   -0.02280753  0.03950380
  0.03488103  0.02013857    0.03587082  0.02071003   -0.00926001  0.01603881
 -0.02280753  0.03950380   -0.00926001  0.01603881   -0.00688546 -0.00397532
    2    1
  0.12055701 -0.06960362    0.03488103 -0.02013857   -0.02280753 -0.03950380
  0.03488103 -0.02013857    0.03587082 -0.02071003   -0.00926001 -0.01603881
 -0.02280753 -0.03950380   -0.00926001 -0.01603881   -0.00688546  0.00397532
    2    2
  0.12725709 -0.00000000    0.05974071  0.00000000    0.00000000  0.02685121
  0.05974071 -0.00000000    0.04508913  0.00000000   -0.00000000  0.01748485
  0.00000000 -0.02685121   -0.00000000 -0.01748485    0.03149285 -0.00000000

     Dynamical  Matrix in cartesian axes

     q = (   -0.372938824  -0.124312941   0.000000000 ) 

    1    1
  0.12725709 -0.00000000   -0.05974071 -0.00000000    0.00000000  0.02685121
 -0.05974071  0.00000000    0.04508913  0.00000000    0.00000000 -0.01748485
  0.00000000 -0.02685121    0.00000000  0.01748485    0.03149285 -0.00000000
    1    2
 -0.12055701 -0.06960362    0.03488103  0.02013857   -0.02280753  0.03950380
  0.03488103  0.02013857   -0.03587082 -0.02071003    0.00926001 -0.01603881
 -0.02280753  0.03950380    0.00926001 -0.01603881    0.00688546  0.00397532
    2    1
 -0.12055701  0.06960362    0.03488103 -0.02013857   -0.02280753 -0.03950380
  0.03488103 -0.02013857   -0.03587082  0.02071003    0.00926001  0.01603881
 -0.02280753 -0.03950380    0.00926001  0.01603881    0.00688546 -0.00397532
    2    2
  0.12725709 -0.00000000   -0.05974071  0.00000000    0.00000000 -0.02685121
 -0.05974071 -0.00000000    0.04508913  0.00000000    0.00000000  0.01748485
  0.00000000  0.02685121    0.00000000 -0.01748485    0.03149285  0.00000000

     Dynamical  Matrix in cartesian axes

     q = (    0.372938824   0.124312941   0.000000000 ) 

    1    1
  0.12725709 -0.00000000   -0.05974071  0.00000000    0.00000000 -0.02685121
 -0.05974071 -0.00000000    0.04508913  0.00000000    0.00000000  0.01748485
  0.00000000  0.02685121    0.00000000 -0.01748485    0.03149285  0.00000000
    1    2
 -0.12055701  0.06960362    0.03488103 -0.02013857   -0.02280753 -0.03950380
  0.03488103 -0.02013857   -0.03587082  0.02071003    0.00926001  0.01603881
 -0.02280753 -0.03950380    0.00926001  0.01603881    0.00688546 -0.00397532
    2    1
 -0.12055701 -0.06960362    0.03488103  0.02013857   -0.02280753  0.03950380
  0.03488103  0.02013857   -0.03587082 -0.02071003    0.00926001 -0.01603881
 -0.02280753  0.03950380    0.00926001 -0.01603881    0.00688546  0.00397532
    2    2
  0.12725709 -0.00000000   -0.05974071 -0.00000000    0.00000000  0.02685121
 -0.05974071  0.00000000    0.04508913  0.00000000    0.00000000 -0.01748485
  0.00000000 -0.02685121    0.00000000  0.01748485    0.03149285 -0.00000000

     Diagonalizing the dynamical matrix

     q = (    0.124312941   0.372938824   0.000000000 ) 

 **************************************************************************
     freq (    1) =      -2.198318 [THz] =     -73.327997 [cm-1]
 (  0.168971  0.292666  0.293841  0.508947  0.174126 -0.100532 ) 
 ( -0.000000 -0.337942 -0.000000 -0.587681  0.201063  0.000000 ) 
     freq (    2) =       1.294225 [THz] =      43.170701 [cm-1]
 ( -0.289009 -0.500579  0.106886  0.185132  0.300245 -0.173346 ) 
 (  0.000000  0.578019 -0.000000 -0.213772  0.346693  0.000000 ) 
     freq (    3) =       1.655802 [THz] =      55.231615 [cm-1]
 ( -0.079492 -0.137685  0.066272  0.114787 -0.585548  0.338066 ) 
 ( -0.000000 -0.158985  0.000000  0.132545  0.676133  0.000000 ) 
     freq (    4) =       2.377468 [THz] =      79.303801 [cm-1]
 ( -0.113677 -0.196894  0.165025  0.285831 -0.504513  0.291281 ) 
 (  0.000000  0.227354  0.000000 -0.330049 -0.582561  0.000000 ) 
     freq (    5) =       2.631983 [THz] =      87.793512 [cm-1]
 ( -0.314897 -0.545418 -0.154687 -0.267926  0.075726 -0.043720 ) 
 ( -0.000000 -0.629795 -0.000000 -0.309375 -0.087441  0.000000 ) 
     freq (    6) =       7.381076 [THz] =     246.206205 [cm-1]
 ( -0.139716 -0.241996  0.310934  0.538553  0.162477 -0.093806 ) 
 ( -0.000000 -0.279433  0.000000  0.621867 -0.187612  0.000000 ) 
 **************************************************************************
