Dynamical matrix file
BETA-TIN PHONONS                                                           
  1    2  0 10.5638179  1.0000000  0.4746934  0.0000000  0.0000000  0.0000000
Basis vectors
     -0.670351232    0.670351232    0.318211331
      0.670351232   -0.670351232    0.318211331
      0.670351232    0.670351232   -0.318211331
           1  'Ge  '    66207.3097484883     
    1    1     -0.0000000000      1.0055268480      0.0795528329
    2    1      0.6703512320     -0.3351756160      0.2386584986

     Dynamical  Matrix in cartesian axes

     q = (    0.372938824   0.248625883   0.785641413 ) 

    1    1
  0.00228301 -0.00000000   -0.00000000 -0.00545855   -0.00951755 -0.00000000
  0.00000000  0.00545855    0.02118169 -0.00000000    0.00000000 -0.00224037
 -0.00951755  0.00000000   -0.00000000  0.00224037    0.14310567 -0.00000000
    1    2
 -0.00568444  0.00984574   -0.00424237 -0.00244933    0.00260623 -0.00451412
 -0.00424237 -0.00244933   -0.02429885  0.04208685    0.00326118  0.00188284
  0.00260623 -0.00451412    0.00326118  0.00188284   -0.00144852  0.00250891
    2    1
 -0.00568444 -0.00984574   -0.00424237  0.00244933    0.00260623  0.00451412
 -0.00424237  0.00244933   -0.02429885 -0.04208685    0.00326118 -0.00188284
  0.00260623  0.00451412    0.00326118 -0.00188284   -0.00144852 -0.00250891
    2    2
  0.00228301  0.00000000   -0.00000000  0.00545855   -0.00951755  0.00000000
 -0.00000000 -0.00545855    0.02118169  0.00000000   -0.00000000  0.00224037
 -0.00951755  0.00000000    0.00000000 -0.00224037    0.14310567  0.00000000

     Dynamical  Matrix in cartesian axes

     q = (   -0.372938824  -0.248625883   0.785641413 ) 

    1    1
  0.00228301  0.00000000   -0.00000000 -0.00545855    0.00951755  0.00000000
 -0.00000000  0.00545855    0.02118169  0.00000000   -0.00000000  0.00224037
  0.00951755 -0.00000000    0.00000000 -0.00224037    0.14310567 -0.00000000
    1    2
  0.00568444  0.00984574   -0.00424237  0.00244933    0.00260623  0.00451412
 -0.00424237  0.00244933    0.02429885  0.04208685   -0.00326118  0.00188284
  0.00260623  0.00451412   -0.00326118  0.00188284    0.00144852  0.00250891
    2    1
  0.00568444 -0.00984574   -0.00424237 -0.00244933    0.00260623 -0.00451412
 -0.00424237 -0.00244933    0.02429885 -0.04208685   -0.00326118 -0.00188284
  0.00260623 -0.00451412   -0.00326118 -0.00188284    0.00144852 -0.00250891
    2    2
  0.00228301 -0.00000000    0.00000000  0.00545855    0.00951755  0.00000000
 -0.00000000 -0.00545855    0.02118169  0.00000000   -0.00000000 -0.00224037
  0.00951755  0.00000000   -0.00000000  0.00224037    0.14310567 -0.00000000

     Dynamical  Matrix in cartesian axes

     q = (   -0.248625883  -0.372938824   0.785641413 ) 

    1    1
  0.02118169  0.00000000   -0.00000000 -0.00545855   -0.00000000 -0.00224037
  0.00000000  0.00545855    0.00228301 -0.00000000    0.00951755  0.00000000
 -0.00000000  0.00224037    0.00951755  0.00000000    0.14310567  0.00000000
    1    2
  0.02429885  0.04208685    0.00424237 -0.00244933    0.00326118 -0.00188284
  0.00424237 -0.00244933    0.00568444  0.00984574    0.00260623  0.00451412
  0.00326118 -0.00188284    0.00260623  0.00451412    0.00144852  0.00250891
    2    1
  0.02429885 -0.04208685    0.00424237  0.00244933    0.00326118  0.00188284
  0.00424237  0.00244933    0.00568444 -0.00984574    0.00260623 -0.00451412
  0.00326118  0.00188284    0.00260623 -0.00451412    0.00144852 -0.00250891
    2    2
  0.02118169  0.00000000   -0.00000000  0.00545855   -0.00000000  0.00224037
 -0.00000000 -0.00545855    0.00228301  0.00000000    0.00951755  0.00000000
 -0.00000000 -0.00224037    0.00951755 -0.00000000    0.14310567 -0.00000000

     Dynamical  Matrix in cartesian axes

     q = (    0.372938824  -0.248625883   0.785641413 ) 

    1    1
  0.00228301  0.00000000   -0.00000000  0.00545855   -0.00951755  0.00000000
 -0.00000000 -0.00545855    0.02118169  0.00000000   -0.00000000  0.00224037
 -0.00951755  0.00000000    0.00000000 -0.00224037    0.14310567  0.00000000
    1    2
 -0.00568444 -0.00984574   -0.00424237  0.00244933    0.00260623  0.00451412
 -0.00424237  0.00244933   -0.02429885 -0.04208685    0.00326118 -0.00188284
  0.00260623  0.00451412    0.00326118 -0.00188284   -0.00144852 -0.00250891
    2    1
 -0.00568444  0.00984574   -0.00424237 -0.00244933    0.00260623 -0.00451412
 -0.00424237 -0.00244933   -0.02429885  0.04208685    0.00326118  0.00188284
  0.00260623 -0.00451412    0.00326118  0.00188284   -0.00144852  0.00250891
    2    2
  0.00228301 -0.00000000   -0.00000000 -0.00545855   -0.00951755 -0.00000000
  0.00000000  0.00545855    0.02118169 -0.00000000    0.00000000 -0.00224037
 -0.00951755  0.00000000   -0.00000000  0.00224037    0.14310567 -0.00000000

     Dynamical  Matrix in cartesian axes

     q = (   -0.248625883   0.372938824   0.785641413 ) 

    1    1
  0.02118169 -0.00000000    0.00000000  0.00545855    0.00000000 -0.00224037
 -0.00000000 -0.00545855    0.00228301 -0.00000000   -0.00951755 -0.00000000
 -0.00000000  0.00224037   -0.00951755  0.00000000    0.14310567 -0.00000000
    1    2
  0.02429885  0.04208685   -0.00424237  0.00244933    0.00326118 -0.00188284
 -0.00424237  0.00244933    0.00568444  0.00984574   -0.00260623 -0.00451412
  0.00326118 -0.00188284   -0.00260623 -0.00451412    0.00144852  0.00250891
    2    1
  0.02429885 -0.04208685   -0.00424237 -0.00244933    0.00326118  0.00188284
 -0.00424237 -0.00244933    0.00568444 -0.00984574   -0.00260623  0.00451412
  0.00326118  0.00188284   -0.00260623  0.00451412    0.00144852 -0.00250891
    2    2
  0.02118169  0.00000000   -0.00000000 -0.00545855   -0.00000000  0.00224037
 -0.00000000  0.00545855    0.00228301  0.00000000   -0.00951755  0.00000000
  0.00000000 -0.00224037   -0.00951755  0.00000000    0.14310567 -0.00000000

     Dynamical  Matrix in cartesian axes

     q = (   -0.372938824   0.248625883   0.785641413 ) 

    1    1
  0.00228301 -0.00000000    0.00000000  0.00545855    0.00951755  0.00000000
 -0.00000000 -0.00545855    0.02118169  0.00000000   -0.00000000 -0.00224037
  0.00951755  0.00000000   -0.00000000  0.00224037    0.14310567 -0.00000000
    1    2
  0.00568444 -0.00984574   -0.00424237 -0.00244933    0.00260623 -0.00451412
 -0.00424237 -0.00244933    0.02429885 -0.04208685   -0.00326118 -0.00188284
  0.00260623 -0.00451412   -0.00326118 -0.00188284    0.00144852 -0.00250891
    2    1
  0.00568444  0.00984574   -0.00424237  0.00244933    0.00260623  0.00451412
 -0.00424237  0.00244933    0.02429885  0.04208685   -0.00326118  0.00188284
  0.00260623  0.00451412   -0.00326118  0.00188284    0.00144852  0.00250891
    2    2
  0.00228301  0.00000000   -0.00000000 -0.00545855    0.00951755  0.00000000
 -0.00000000  0.00545855    0.02118169  0.00000000   -0.00000000  0.00224037
  0.00951755 -0.00000000    0.00000000 -0.00224037    0.14310567 -0.00000000

     Dynamical  Matrix in cartesian axes

     q = (    0.248625883  -0.372938824   0.785641413 ) 

    1    1
  0.02118169  0.00000000   -0.00000000  0.00545855   -0.00000000  0.00224037
 -0.00000000 -0.00545855    0.00228301  0.00000000    0.00951755  0.00000000
 -0.00000000 -0.00224037    0.00951755 -0.00000000    0.14310567 -0.00000000
    1    2
  0.02429885 -0.04208685    0.00424237  0.00244933    0.00326118  0.00188284
  0.00424237  0.00244933    0.00568444 -0.00984574    0.00260623 -0.00451412
  0.00326118  0.00188284    0.00260623 -0.00451412    0.00144852 -0.00250891
    2    1
  0.02429885  0.04208685    0.00424237 -0.00244933    0.00326118 -0.00188284
  0.00424237 -0.00244933    0.00568444  0.00984574    0.00260623  0.00451412
  0.00326118 -0.00188284    0.00260623  0.00451412    0.00144852  0.00250891
    2    2
  0.02118169  0.00000000   -0.00000000 -0.00545855   -0.00000000 -0.00224037
  0.00000000  0.00545855    0.00228301 -0.00000000    0.00951755  0.00000000
 -0.00000000  0.00224037    0.00951755  0.00000000    0.14310567  0.00000000

     Dynamical  Matrix in cartesian axes

     q = (    0.248625883   0.372938824   0.785641413 ) 

    1    1
  0.02118169  0.00000000   -0.00000000 -0.00545855   -0.00000000  0.00224037
 -0.00000000  0.00545855    0.00228301  0.00000000   -0.00951755  0.00000000
  0.00000000 -0.00224037   -0.00951755  0.00000000    0.14310567 -0.00000000
    1    2
  0.02429885 -0.04208685   -0.00424237 -0.00244933    0.00326118  0.00188284
 -0.00424237 -0.00244933    0.00568444 -0.00984574   -0.00260623  0.00451412
  0.00326118  0.00188284   -0.00260623  0.00451412    0.00144852 -0.00250891
    2    1
  0.02429885  0.04208685   -0.00424237  0.00244933    0.00326118 -0.00188284
 -0.00424237  0.00244933    0.00568444  0.00984574   -0.00260623 -0.00451412
  0.00326118 -0.00188284   -0.00260623 -0.00451412    0.00144852  0.00250891
    2    2
  0.02118169 -0.00000000    0.00000000  0.00545855    0.00000000 -0.00224037
 -0.00000000 -0.00545855    0.00228301 -0.00000000   -0.00951755 -0.00000000
 -0.00000000  0.00224037   -0.00951755  0.00000000    0.14310567 -0.00000000

     Diagonalizing the dynamical matrix

     q = (    0.372938824   0.248625883   0.785641413 ) 

 **************************************************************************
     freq (    1) =      -2.211394 [THz] =     -73.764158 [cm-1]
 (  0.080148 -0.138821 -0.596366 -0.344312 -0.005044  0.008737 ) 
 ( -0.160297 -0.000000 -0.000000 -0.688624  0.010089  0.000000 ) 
     freq (    2) =      -1.227322 [THz] =     -40.939056 [cm-1]
 ( -0.353396  0.612099  0.004680  0.002702 -0.010209  0.017683 ) 
 ( -0.706791 -0.000000  0.000000 -0.005404 -0.020419  0.000000 ) 
     freq (    3) =       1.525859 [THz] =      50.897162 [cm-1]
 ( -0.342062  0.592469 -0.136852 -0.079012 -0.041842  0.072473 ) 
 (  0.684124 -0.000000 -0.000000 -0.158023  0.083684  0.000000 ) 
     freq (    4) =       3.376756 [THz] =     112.636454 [cm-1]
 (  0.002918 -0.005055  0.612215  0.353462 -0.007474  0.012945 ) 
 (  0.005837  0.000000 -0.000000 -0.706925 -0.014947  0.000000 ) 
     freq (    5) =       4.790175 [THz] =     159.783024 [cm-1]
 (  0.010150 -0.017580 -0.013085 -0.007555 -0.353327  0.611980 ) 
 (  0.020299  0.000000  0.000000  0.015109 -0.706654  0.000000 ) 
     freq (    6) =       4.917252 [THz] =     164.021858 [cm-1]
 (  0.039621 -0.068626  0.024882  0.014366 -0.351032  0.608006 ) 
 ( -0.079242  0.000000  0.000000  0.028731  0.702065  0.000000 ) 
 **************************************************************************
