Dynamical matrix file
BETA-TIN PHONONS                                                           
  1    2  0 10.5638179  1.0000000  0.4746934  0.0000000  0.0000000  0.0000000
Basis vectors
     -0.670351232    0.670351232    0.318211331
      0.670351232   -0.670351232    0.318211331
      0.670351232    0.670351232   -0.318211331
           1  'Ge  '    66207.3097484883     
    1    1     -0.0000000000      1.0055268480      0.0795528329
    2    1      0.6703512320     -0.3351756160      0.2386584986

     Dynamical  Matrix in cartesian axes

     q = (   -0.621564706  -0.124312941  -0.523760942 ) 

    1    1
 -0.07029233 -0.00000000   -0.00065715  0.05655185   -0.03886289 -0.03368789
 -0.00065715 -0.05655185   -0.07029233  0.00000000    0.03886289 -0.03368789
 -0.03886289  0.03368789    0.03886289  0.03368789    0.04597873  0.00000000
    1    2
  0.03503099 -0.05613883    0.05647637  0.03260665    0.00060152 -0.05327201
  0.05647637  0.03260665   -0.03110216  0.05840714    0.04583416 -0.02715693
  0.00060152 -0.05327201    0.04583416 -0.02715693   -0.02810915 -0.01622882
    2    1
  0.03503099  0.05613883    0.05647637 -0.03260665    0.00060152  0.05327201
  0.05647637 -0.03260665   -0.03110216 -0.05840714    0.04583416  0.02715693
  0.00060152  0.05327201    0.04583416  0.02715693   -0.02810915  0.01622882
    2    2
 -0.07029233 -0.00000000   -0.00065715 -0.05655185   -0.03886289  0.03368789
 -0.00065715  0.05655185   -0.07029233 -0.00000000    0.03886289  0.03368789
 -0.03886289 -0.03368789    0.03886289 -0.03368789    0.04597873  0.00000000

     Dynamical  Matrix in cartesian axes

     q = (    0.621564706   0.124312941  -0.523760942 ) 

    1    1
 -0.07029233 -0.00000000   -0.00065715  0.05655185    0.03886289  0.03368789
 -0.00065715 -0.05655185   -0.07029233 -0.00000000   -0.03886289  0.03368789
  0.03886289 -0.03368789   -0.03886289 -0.03368789    0.04597873  0.00000000
    1    2
 -0.03503099  0.05613883   -0.05647637 -0.03260665    0.00060152 -0.05327201
 -0.05647637 -0.03260665    0.03110216 -0.05840714    0.04583416 -0.02715693
  0.00060152 -0.05327201    0.04583416 -0.02715693    0.02810915  0.01622882
    2    1
 -0.03503099 -0.05613883   -0.05647637  0.03260665    0.00060152  0.05327201
 -0.05647637  0.03260665    0.03110216  0.05840714    0.04583416  0.02715693
  0.00060152  0.05327201    0.04583416  0.02715693    0.02810915 -0.01622882
    2    2
 -0.07029233  0.00000000   -0.00065715 -0.05655185    0.03886289 -0.03368789
 -0.00065715  0.05655185   -0.07029233 -0.00000000   -0.03886289 -0.03368789
  0.03886289  0.03368789   -0.03886289  0.03368789    0.04597873  0.00000000

     Dynamical  Matrix in cartesian axes

     q = (    0.621564706  -0.124312941  -0.523760942 ) 

    1    1
 -0.07029233  0.00000000    0.00065715 -0.05655185    0.03886289  0.03368789
  0.00065715  0.05655185   -0.07029233  0.00000000    0.03886289 -0.03368789
  0.03886289 -0.03368789    0.03886289  0.03368789    0.04597873 -0.00000000
    1    2
  0.06613315  0.00226831   -0.00000000 -0.06521329   -0.04643568  0.02611508
 -0.00000000 -0.06521329   -0.06613315  0.00226831    0.04643568  0.02611508
 -0.04643568  0.02611508    0.04643568  0.02611508   -0.00000000 -0.03245765
    2    1
  0.06613315 -0.00226831   -0.00000000  0.06521329   -0.04643568 -0.02611508
 -0.00000000  0.06521329   -0.06613315 -0.00226831    0.04643568 -0.02611508
 -0.04643568 -0.02611508    0.04643568 -0.02611508   -0.00000000  0.03245765
    2    2
 -0.07029233  0.00000000    0.00065715  0.05655185    0.03886289 -0.03368789
  0.00065715 -0.05655185   -0.07029233  0.00000000    0.03886289  0.03368789
  0.03886289  0.03368789    0.03886289 -0.03368789    0.04597873 -0.00000000

     Dynamical  Matrix in cartesian axes

     q = (   -0.621564706   0.124312941  -0.523760942 ) 

    1    1
 -0.07029233 -0.00000000    0.00065715 -0.05655185   -0.03886289 -0.03368789
  0.00065715  0.05655185   -0.07029233  0.00000000   -0.03886289  0.03368789
 -0.03886289  0.03368789   -0.03886289 -0.03368789    0.04597873 -0.00000000
    1    2
  0.03110216  0.05840714    0.05647637 -0.03260665    0.04583416  0.02715693
  0.05647637 -0.03260665   -0.03503099 -0.05613883   -0.00060152 -0.05327201
  0.04583416  0.02715693   -0.00060152 -0.05327201    0.02810915 -0.01622882
    2    1
  0.03110216 -0.05840714    0.05647637  0.03260665    0.04583416 -0.02715693
  0.05647637  0.03260665   -0.03503099  0.05613883   -0.00060152  0.05327201
  0.04583416 -0.02715693   -0.00060152  0.05327201    0.02810915  0.01622882
    2    2
 -0.07029233  0.00000000    0.00065715  0.05655185   -0.03886289  0.03368789
  0.00065715 -0.05655185   -0.07029233 -0.00000000   -0.03886289 -0.03368789
 -0.03886289 -0.03368789   -0.03886289  0.03368789    0.04597873 -0.00000000

     Dynamical  Matrix in cartesian axes

     q = (    0.621564706  -0.124312941   0.523760942 ) 

    1    1
 -0.07029233  0.00000000    0.00065715  0.05655185   -0.03886289  0.03368789
  0.00065715 -0.05655185   -0.07029233 -0.00000000   -0.03886289 -0.03368789
 -0.03886289 -0.03368789   -0.03886289  0.03368789    0.04597873 -0.00000000
    1    2
  0.03110216 -0.05840714    0.05647637  0.03260665    0.04583416 -0.02715693
  0.05647637  0.03260665   -0.03503099  0.05613883   -0.00060152  0.05327201
  0.04583416 -0.02715693   -0.00060152  0.05327201    0.02810915  0.01622882
    2    1
  0.03110216  0.05840714    0.05647637 -0.03260665    0.04583416  0.02715693
  0.05647637 -0.03260665   -0.03503099 -0.05613883   -0.00060152 -0.05327201
  0.04583416  0.02715693   -0.00060152 -0.05327201    0.02810915 -0.01622882
    2    2
 -0.07029233 -0.00000000    0.00065715 -0.05655185   -0.03886289 -0.03368789
  0.00065715  0.05655185   -0.07029233  0.00000000   -0.03886289  0.03368789
 -0.03886289  0.03368789   -0.03886289 -0.03368789    0.04597873 -0.00000000

     Dynamical  Matrix in cartesian axes

     q = (   -0.621564706  -0.124312941   0.523760942 ) 

    1    1
 -0.07029233  0.00000000   -0.00065715 -0.05655185    0.03886289 -0.03368789
 -0.00065715  0.05655185   -0.07029233 -0.00000000   -0.03886289 -0.03368789
  0.03886289  0.03368789   -0.03886289  0.03368789    0.04597873  0.00000000
    1    2
 -0.03503099 -0.05613883   -0.05647637  0.03260665    0.00060152  0.05327201
 -0.05647637  0.03260665    0.03110216  0.05840714    0.04583416  0.02715693
  0.00060152  0.05327201    0.04583416  0.02715693    0.02810915 -0.01622882
    2    1
 -0.03503099  0.05613883   -0.05647637 -0.03260665    0.00060152 -0.05327201
 -0.05647637 -0.03260665    0.03110216 -0.05840714    0.04583416 -0.02715693
  0.00060152 -0.05327201    0.04583416 -0.02715693    0.02810915  0.01622882
    2    2
 -0.07029233 -0.00000000   -0.00065715  0.05655185    0.03886289  0.03368789
 -0.00065715 -0.05655185   -0.07029233 -0.00000000   -0.03886289  0.03368789
  0.03886289 -0.03368789   -0.03886289 -0.03368789    0.04597873  0.00000000

     Dynamical  Matrix in cartesian axes

     q = (   -0.124312941  -0.621564706   0.523760942 ) 

    1    1
 -0.07029233 -0.00000000   -0.00065715 -0.05655185   -0.03886289  0.03368789
 -0.00065715  0.05655185   -0.07029233 -0.00000000    0.03886289  0.03368789
 -0.03886289 -0.03368789    0.03886289 -0.03368789    0.04597873  0.00000000
    1    2
  0.03503099  0.05613883    0.05647637 -0.03260665    0.00060152  0.05327201
  0.05647637 -0.03260665   -0.03110216 -0.05840714    0.04583416  0.02715693
  0.00060152  0.05327201    0.04583416  0.02715693   -0.02810915  0.01622882
    2    1
  0.03503099 -0.05613883    0.05647637  0.03260665    0.00060152 -0.05327201
  0.05647637  0.03260665   -0.03110216  0.05840714    0.04583416 -0.02715693
  0.00060152 -0.05327201    0.04583416 -0.02715693   -0.02810915 -0.01622882
    2    2
 -0.07029233 -0.00000000   -0.00065715  0.05655185   -0.03886289 -0.03368789
 -0.00065715 -0.05655185   -0.07029233  0.00000000    0.03886289 -0.03368789
 -0.03886289  0.03368789    0.03886289  0.03368789    0.04597873  0.00000000

     Dynamical  Matrix in cartesian axes

     q = (   -0.621564706   0.124312941   0.523760942 ) 

    1    1
 -0.07029233  0.00000000    0.00065715  0.05655185    0.03886289 -0.03368789
  0.00065715 -0.05655185   -0.07029233  0.00000000    0.03886289  0.03368789
  0.03886289  0.03368789    0.03886289 -0.03368789    0.04597873 -0.00000000
    1    2
  0.06613315 -0.00226831   -0.00000000  0.06521329   -0.04643568 -0.02611508
 -0.00000000  0.06521329   -0.06613315 -0.00226831    0.04643568 -0.02611508
 -0.04643568 -0.02611508    0.04643568 -0.02611508   -0.00000000  0.03245765
    2    1
  0.06613315  0.00226831   -0.00000000 -0.06521329   -0.04643568  0.02611508
 -0.00000000 -0.06521329   -0.06613315  0.00226831    0.04643568  0.02611508
 -0.04643568  0.02611508    0.04643568  0.02611508   -0.00000000 -0.03245765
    2    2
 -0.07029233  0.00000000    0.00065715 -0.05655185    0.03886289  0.03368789
  0.00065715  0.05655185   -0.07029233  0.00000000    0.03886289 -0.03368789
  0.03886289 -0.03368789    0.03886289  0.03368789    0.04597873 -0.00000000

     Diagonalizing the dynamical matrix

     q = (   -0.621564706  -0.124312941  -0.523760942 ) 

 **************************************************************************
     freq (    1) =      -7.247944 [THz] =    -241.765390 [cm-1]
 (  0.104988  0.446405 -0.439092  0.132280  0.244029  0.140890 ) 
 (  0.314125 -0.334104 -0.314125 -0.334104  0.281780  0.000000 ) 
     freq (    2) =      -1.865115 [THz] =     -62.213535 [cm-1]
 (  0.474876 -0.095960 -0.154334 -0.459235  0.151415  0.087420 ) 
 ( -0.363275 -0.320542  0.363275 -0.320542 -0.174839  0.000000 ) 
     freq (    3) =      -1.532066 [THz] =     -51.104237 [cm-1]
 ( -0.488578  0.088982  0.167228  0.467612  0.071138  0.041071 ) 
 ( -0.378630 -0.321350  0.378630 -0.321350  0.082143  0.000000 ) 
     freq (    4) =       0.866672 [THz] =      28.909058 [cm-1]
 ( -0.101489 -0.489492  0.474657 -0.156853  0.012119  0.006997 ) 
 (  0.332638 -0.373167 -0.332638 -0.373167 -0.013994  0.000000 ) 
     freq (    5) =       3.575950 [THz] =     119.280840 [cm-1]
 (  0.016399 -0.206893  0.170976 -0.117648  0.557126  0.321657 ) 
 ( -0.089245  0.187374  0.089245  0.187374  0.643314  0.000000 ) 
     freq (    6) =       3.726814 [THz] =     124.313143 [cm-1]
 (  0.119133 -0.034492 -0.029695 -0.120418 -0.593234 -0.342504 ) 
 ( -0.085926 -0.089437  0.085926 -0.089437  0.685008  0.000000 ) 
 **************************************************************************
