Dynamical matrix file
BETA-TIN PHONONS                                                           
  1    2  0 10.5638179  1.0000000  0.4746934  0.0000000  0.0000000  0.0000000
Basis vectors
     -0.670351232    0.670351232    0.318211331
      0.670351232   -0.670351232    0.318211331
      0.670351232    0.670351232   -0.318211331
           1  'Ge  '    66207.3097484883     
    1    1     -0.0000000000      1.0055268480      0.0795528329
    2    1      0.6703512320     -0.3351756160      0.2386584986

     Dynamical  Matrix in cartesian axes

     q = (    0.248625883   0.000000000   0.523760942 ) 

    1    1
  0.07118017  0.00000000    0.00000000  0.00000000   -0.05752492  0.01634317
  0.00000000  0.00000000    0.07183713  0.00000000    0.00000000  0.00000000
 -0.05752492 -0.01634317    0.00000000  0.00000000    0.20264420  0.00000000
    1    2
  0.06255130  0.02263220    0.00000000 -0.00000000   -0.04830476 -0.01873013
 -0.00000000  0.00000000   -0.03950256  0.08602755   -0.00000000 -0.00000000
 -0.04830476 -0.01873013    0.00000000 -0.00000000    0.02737709  0.05412918
    2    1
  0.06255130 -0.02263220    0.00000000  0.00000000   -0.04830476  0.01873013
 -0.00000000  0.00000000   -0.03950256 -0.08602755   -0.00000000  0.00000000
 -0.04830476  0.01873013    0.00000000  0.00000000    0.02737709 -0.05412918
    2    2
  0.07118017  0.00000000    0.00000000  0.00000000   -0.05752492 -0.01634317
  0.00000000  0.00000000    0.07183713  0.00000000    0.00000000  0.00000000
 -0.05752492  0.01634317    0.00000000  0.00000000    0.20264420  0.00000000

     Dynamical  Matrix in cartesian axes

     q = (    0.000000000   0.248625883   0.523760942 ) 

    1    1
  0.07183713  0.00000000    0.00000000  0.00000000    0.00000000  0.00000000
  0.00000000  0.00000000    0.07118017  0.00000000   -0.05752492 -0.01634317
  0.00000000  0.00000000   -0.05752492  0.01634317    0.20264420  0.00000000
    1    2
 -0.03950256 -0.08602755    0.00000000 -0.00000000    0.00000000 -0.00000000
  0.00000000 -0.00000000    0.06255130 -0.02263220   -0.04830476  0.01873013
  0.00000000 -0.00000000   -0.04830476  0.01873013    0.02737709 -0.05412918
    2    1
 -0.03950256  0.08602755    0.00000000  0.00000000    0.00000000  0.00000000
  0.00000000  0.00000000    0.06255130  0.02263220   -0.04830476 -0.01873013
  0.00000000  0.00000000   -0.04830476 -0.01873013    0.02737709  0.05412918
    2    2
  0.07183713  0.00000000    0.00000000  0.00000000    0.00000000  0.00000000
  0.00000000  0.00000000    0.07118017  0.00000000   -0.05752492  0.01634317
  0.00000000  0.00000000   -0.05752492 -0.01634317    0.20264420  0.00000000

     Dynamical  Matrix in cartesian axes

     q = (    0.000000000   0.248625883  -0.523760942 ) 

    1    1
  0.07183713  0.00000000   -0.00000000  0.00000000    0.00000000  0.00000000
  0.00000000  0.00000000    0.07118017  0.00000000    0.05752492 -0.01634317
  0.00000000  0.00000000    0.05752492  0.01634317    0.20264420  0.00000000
    1    2
  0.09425332 -0.00880355   -0.00000000  0.00000000   -0.00000000  0.00000000
  0.00000000  0.00000000   -0.01167559 -0.06548712   -0.00793161 -0.05119821
  0.00000000  0.00000000   -0.00793161 -0.05119821    0.03318870 -0.05077384
    2    1
  0.09425332  0.00880355   -0.00000000 -0.00000000   -0.00000000 -0.00000000
  0.00000000  0.00000000   -0.01167559  0.06548712   -0.00793161  0.05119821
  0.00000000 -0.00000000   -0.00793161  0.05119821    0.03318870  0.05077384
    2    2
  0.07183713  0.00000000   -0.00000000  0.00000000    0.00000000  0.00000000
  0.00000000  0.00000000    0.07118017  0.00000000    0.05752492  0.01634317
  0.00000000  0.00000000    0.05752492 -0.01634317    0.20264420  0.00000000

     Dynamical  Matrix in cartesian axes

     q = (   -0.248625883   0.000000000   0.523760942 ) 

    1    1
  0.07118017  0.00000000    0.00000000  0.00000000    0.05752492 -0.01634317
 -0.00000000  0.00000000    0.07183713  0.00000000    0.00000000  0.00000000
  0.05752492  0.01634317    0.00000000  0.00000000    0.20264420  0.00000000
    1    2
 -0.05087571  0.04285492    0.00000000  0.00000000   -0.04037314  0.03246808
  0.00000000 -0.00000000   -0.05475076 -0.07722399    0.00000000  0.00000000
 -0.04037314  0.03246808    0.00000000  0.00000000   -0.06056579 -0.00335533
    2    1
 -0.05087571 -0.04285492    0.00000000  0.00000000   -0.04037314 -0.03246808
  0.00000000  0.00000000   -0.05475076  0.07722399    0.00000000 -0.00000000
 -0.04037314 -0.03246808    0.00000000  0.00000000   -0.06056579  0.00335533
    2    2
  0.07118017  0.00000000    0.00000000  0.00000000    0.05752492  0.01634317
 -0.00000000  0.00000000    0.07183713  0.00000000    0.00000000  0.00000000
  0.05752492 -0.01634317    0.00000000  0.00000000    0.20264420  0.00000000

     Dynamical  Matrix in cartesian axes

     q = (    0.000000000  -0.248625883   0.523760942 ) 

    1    1
  0.07183713  0.00000000   -0.00000000  0.00000000    0.00000000  0.00000000
  0.00000000  0.00000000    0.07118017  0.00000000    0.05752492  0.01634317
  0.00000000  0.00000000    0.05752492 -0.01634317    0.20264420  0.00000000
    1    2
  0.09425332  0.00880355   -0.00000000  0.00000000   -0.00000000  0.00000000
 -0.00000000  0.00000000   -0.01167559  0.06548712   -0.00793161  0.05119821
 -0.00000000 -0.00000000   -0.00793161  0.05119821    0.03318870  0.05077384
    2    1
  0.09425332 -0.00880355   -0.00000000 -0.00000000   -0.00000000 -0.00000000
 -0.00000000  0.00000000   -0.01167559 -0.06548712   -0.00793161 -0.05119821
 -0.00000000  0.00000000   -0.00793161 -0.05119821    0.03318870 -0.05077384
    2    2
  0.07183713  0.00000000   -0.00000000  0.00000000    0.00000000  0.00000000
  0.00000000  0.00000000    0.07118017  0.00000000    0.05752492 -0.01634317
  0.00000000  0.00000000    0.05752492  0.01634317    0.20264420  0.00000000

     Dynamical  Matrix in cartesian axes

     q = (   -0.248625883   0.000000000  -0.523760942 ) 

    1    1
  0.07118017  0.00000000    0.00000000  0.00000000   -0.05752492 -0.01634317
  0.00000000  0.00000000    0.07183713  0.00000000    0.00000000  0.00000000
 -0.05752492  0.01634317    0.00000000  0.00000000    0.20264420  0.00000000
    1    2
  0.06255130 -0.02263220    0.00000000  0.00000000   -0.04830476  0.01873013
 -0.00000000  0.00000000   -0.03950256 -0.08602755   -0.00000000  0.00000000
 -0.04830476  0.01873013    0.00000000  0.00000000    0.02737709 -0.05412918
    2    1
  0.06255130  0.02263220    0.00000000 -0.00000000   -0.04830476 -0.01873013
 -0.00000000  0.00000000   -0.03950256  0.08602755   -0.00000000 -0.00000000
 -0.04830476 -0.01873013    0.00000000 -0.00000000    0.02737709  0.05412918
    2    2
  0.07118017  0.00000000    0.00000000  0.00000000   -0.05752492  0.01634317
  0.00000000  0.00000000    0.07183713  0.00000000    0.00000000  0.00000000
 -0.05752492 -0.01634317    0.00000000  0.00000000    0.20264420  0.00000000

     Dynamical  Matrix in cartesian axes

     q = (    0.000000000  -0.248625883  -0.523760942 ) 

    1    1
  0.07183713  0.00000000    0.00000000  0.00000000    0.00000000  0.00000000
  0.00000000  0.00000000    0.07118017  0.00000000   -0.05752492  0.01634317
  0.00000000  0.00000000   -0.05752492 -0.01634317    0.20264420  0.00000000
    1    2
 -0.03950256  0.08602755    0.00000000  0.00000000    0.00000000  0.00000000
  0.00000000  0.00000000    0.06255130  0.02263220   -0.04830476 -0.01873013
  0.00000000  0.00000000   -0.04830476 -0.01873013    0.02737709  0.05412918
    2    1
 -0.03950256 -0.08602755    0.00000000 -0.00000000    0.00000000 -0.00000000
  0.00000000 -0.00000000    0.06255130 -0.02263220   -0.04830476  0.01873013
  0.00000000 -0.00000000   -0.04830476  0.01873013    0.02737709 -0.05412918
    2    2
  0.07183713  0.00000000    0.00000000  0.00000000    0.00000000  0.00000000
  0.00000000  0.00000000    0.07118017  0.00000000   -0.05752492 -0.01634317
  0.00000000  0.00000000   -0.05752492  0.01634317    0.20264420  0.00000000

     Dynamical  Matrix in cartesian axes

     q = (    0.248625883   0.000000000  -0.523760942 ) 

    1    1
  0.07118017  0.00000000    0.00000000  0.00000000    0.05752492  0.01634317
 -0.00000000  0.00000000    0.07183713  0.00000000    0.00000000  0.00000000
  0.05752492 -0.01634317    0.00000000  0.00000000    0.20264420  0.00000000
    1    2
 -0.05087571 -0.04285492    0.00000000  0.00000000   -0.04037314 -0.03246808
 -0.00000000  0.00000000   -0.05475076  0.07722399   -0.00000000  0.00000000
 -0.04037314 -0.03246808    0.00000000  0.00000000   -0.06056579  0.00335533
    2    1
 -0.05087571  0.04285492    0.00000000  0.00000000   -0.04037314  0.03246808
 -0.00000000 -0.00000000   -0.05475076 -0.07722399   -0.00000000 -0.00000000
 -0.04037314  0.03246808    0.00000000  0.00000000   -0.06056579 -0.00335533
    2    2
  0.07118017  0.00000000    0.00000000  0.00000000    0.05752492 -0.01634317
 -0.00000000  0.00000000    0.07183713  0.00000000    0.00000000  0.00000000
  0.05752492  0.01634317    0.00000000  0.00000000    0.20264420  0.00000000

     Diagonalizing the dynamical matrix

     q = (    0.248625883   0.000000000   0.523760942 ) 

 **************************************************************************
     freq (    1) =      -1.931706 [THz] =     -64.434790 [cm-1]
 ( -0.000000 -0.000000  0.300406  0.640122  0.000000  0.000000 ) 
 (  0.000000 -0.000000 -0.456367  0.540120  0.000000  0.000000 ) 
     freq (    2) =       0.665272 [THz] =      22.191081 [cm-1]
 ( -0.040327 -0.700827  0.000000 -0.000000  0.069076 -0.049431 ) 
 (  0.375052  0.593398  0.000000  0.000000  0.084941  0.000000 ) 
     freq (    3) =       3.396865 [THz] =     113.307234 [cm-1]
 ( -0.560894 -0.210545  0.000000  0.000000 -0.374694 -0.025947 ) 
 ( -0.574099  0.171294  0.000000  0.000000 -0.375592  0.000000 ) 
     freq (    4) =       4.913574 [THz] =     163.899182 [cm-1]
 (  0.036635 -0.143556 -0.000000  0.000000  0.527828  0.446595 ) 
 (  0.064758 -0.133255  0.000000  0.000000 -0.691411  0.000000 ) 
     freq (    5) =       5.217111 [THz] =     174.024097 [cm-1]
 ( -0.000000  0.000000 -0.707047 -0.009221 -0.000000 -0.000000 ) 
 ( -0.000000  0.000000  0.286667  0.646392  0.000000  0.000000 ) 
     freq (    6) =       7.307592 [THz] =     243.755033 [cm-1]
 ( -0.297590 -0.194355 -0.000000  0.000000  0.357194  0.496063 ) 
 ( -0.331614 -0.127930  0.000000 -0.000000  0.611282  0.000000 ) 
 **************************************************************************
