Dynamical matrix file
BETA-TIN PHONONS                                                           
  1    2  0 10.5638179  1.0000000  0.4746934  0.0000000  0.0000000  0.0000000
Basis vectors
     -0.670351232    0.670351232    0.318211331
      0.670351232   -0.670351232    0.318211331
      0.670351232    0.670351232   -0.318211331
           1  'Ge  '    66207.3097484883     
    1    1     -0.0000000000      1.0055268480      0.0795528329
    2    1      0.6703512320     -0.3351756160      0.2386584986

     Dynamical  Matrix in cartesian axes

     q = (    0.497251765   0.248625883   0.523760942 ) 

    1    1
 -0.01371684 -0.00000000    0.00166751  0.00706757   -0.01120052 -0.02158620
  0.00166751 -0.00706757   -0.01371684  0.00000000    0.01120052 -0.02158620
 -0.01120052  0.02158620    0.01120052  0.02158620    0.12618797  0.00000000
    1    2
 -0.00988543  0.01240870   -0.00174091 -0.00301535    0.02032099  0.02139442
 -0.00174091 -0.00301535    0.01568896 -0.00235669   -0.00836761 -0.02829571
  0.02032099  0.02139442   -0.00836761 -0.02829571    0.03887203  0.06732832
    2    1
 -0.00988543 -0.01240870   -0.00174091  0.00301535    0.02032099 -0.02139442
 -0.00174091  0.00301535    0.01568896  0.00235669   -0.00836761  0.02829571
  0.02032099 -0.02139442   -0.00836761  0.02829571    0.03887203 -0.06732832
    2    2
 -0.01371684  0.00000000    0.00166751 -0.00706757   -0.01120052  0.02158620
  0.00166751  0.00706757   -0.01371684 -0.00000000    0.01120052  0.02158620
 -0.01120052 -0.02158620    0.01120052 -0.02158620    0.12618797  0.00000000

     Dynamical  Matrix in cartesian axes

     q = (    0.248625883   0.497251765   0.523760942 ) 

    1    1
 -0.01371684 -0.00000000    0.00166751  0.00706757    0.01120052  0.02158620
  0.00166751 -0.00706757   -0.01371684  0.00000000   -0.01120052  0.02158620
  0.01120052 -0.02158620   -0.01120052 -0.02158620    0.12618797  0.00000000
    1    2
 -0.00988543  0.01240870   -0.00174091 -0.00301535   -0.02032099 -0.02139442
 -0.00174091 -0.00301535    0.01568896 -0.00235669    0.00836761  0.02829571
 -0.02032099 -0.02139442    0.00836761  0.02829571    0.03887203  0.06732832
    2    1
 -0.00988543 -0.01240870   -0.00174091  0.00301535   -0.02032099  0.02139442
 -0.00174091  0.00301535    0.01568896  0.00235669    0.00836761 -0.02829571
 -0.02032099  0.02139442    0.00836761 -0.02829571    0.03887203 -0.06732832
    2    2
 -0.01371684  0.00000000    0.00166751 -0.00706757    0.01120052 -0.02158620
  0.00166751  0.00706757   -0.01371684 -0.00000000   -0.01120052 -0.02158620
  0.01120052  0.02158620   -0.01120052  0.02158620    0.12618797  0.00000000

     Dynamical  Matrix in cartesian axes

     q = (    0.248625883   0.497251765  -0.523760942 ) 

    1    1
 -0.01371684  0.00000000    0.00166751 -0.00706757   -0.01120052  0.02158620
  0.00166751  0.00706757   -0.01371684 -0.00000000    0.01120052  0.02158620
 -0.01120052 -0.02158620    0.01120052 -0.02158620    0.12618797  0.00000000
    1    2
 -0.00988543 -0.01240870   -0.00174091  0.00301535    0.02032099 -0.02139442
 -0.00174091  0.00301535    0.01568896  0.00235669   -0.00836761  0.02829571
  0.02032099 -0.02139442   -0.00836761  0.02829571    0.03887203 -0.06732832
    2    1
 -0.00988543  0.01240870   -0.00174091 -0.00301535    0.02032099  0.02139442
 -0.00174091 -0.00301535    0.01568896 -0.00235669   -0.00836761 -0.02829571
  0.02032099  0.02139442   -0.00836761 -0.02829571    0.03887203  0.06732832
    2    2
 -0.01371684 -0.00000000    0.00166751  0.00706757   -0.01120052 -0.02158620
  0.00166751 -0.00706757   -0.01371684  0.00000000    0.01120052 -0.02158620
 -0.01120052  0.02158620    0.01120052  0.02158620    0.12618797  0.00000000

     Dynamical  Matrix in cartesian axes

     q = (    0.497251765  -0.248625883   0.523760942 ) 

    1    1
 -0.01371684 -0.00000000   -0.00166751 -0.00706757   -0.01120052 -0.02158620
 -0.00166751  0.00706757   -0.01371684  0.00000000   -0.01120052  0.02158620
 -0.01120052  0.02158620   -0.01120052 -0.02158620    0.12618797  0.00000000
    1    2
 -0.00580353 -0.01476539   -0.00348182  0.00000000   -0.02868861  0.00690129
 -0.00348182 -0.00000000   -0.00580353  0.01476539   -0.02868861 -0.00690129
 -0.02868861  0.00690129   -0.02868861 -0.00690129   -0.07774405 -0.00000000
    2    1
 -0.00580353  0.01476539   -0.00348182 -0.00000000   -0.02868861 -0.00690129
 -0.00348182  0.00000000   -0.00580353 -0.01476539   -0.02868861  0.00690129
 -0.02868861 -0.00690129   -0.02868861  0.00690129   -0.07774405  0.00000000
    2    2
 -0.01371684  0.00000000   -0.00166751  0.00706757   -0.01120052  0.02158620
 -0.00166751 -0.00706757   -0.01371684 -0.00000000   -0.01120052 -0.02158620
 -0.01120052 -0.02158620   -0.01120052  0.02158620    0.12618797 -0.00000000

     Dynamical  Matrix in cartesian axes

     q = (   -0.248625883  -0.497251765  -0.523760942 ) 

    1    1
 -0.01371684  0.00000000    0.00166751 -0.00706757    0.01120052 -0.02158620
  0.00166751  0.00706757   -0.01371684 -0.00000000   -0.01120052 -0.02158620
  0.01120052  0.02158620   -0.01120052  0.02158620    0.12618797  0.00000000
    1    2
 -0.00988543 -0.01240870   -0.00174091  0.00301535   -0.02032099  0.02139442
 -0.00174091  0.00301535    0.01568896  0.00235669    0.00836761 -0.02829571
 -0.02032099  0.02139442    0.00836761 -0.02829571    0.03887203 -0.06732832
    2    1
 -0.00988543  0.01240870   -0.00174091 -0.00301535   -0.02032099 -0.02139442
 -0.00174091 -0.00301535    0.01568896 -0.00235669    0.00836761  0.02829571
 -0.02032099 -0.02139442    0.00836761  0.02829571    0.03887203  0.06732832
    2    2
 -0.01371684 -0.00000000    0.00166751  0.00706757    0.01120052  0.02158620
  0.00166751 -0.00706757   -0.01371684  0.00000000   -0.01120052  0.02158620
  0.01120052 -0.02158620   -0.01120052 -0.02158620    0.12618797  0.00000000

     Dynamical  Matrix in cartesian axes

     q = (   -0.497251765   0.248625883  -0.523760942 ) 

    1    1
 -0.01371684  0.00000000   -0.00166751  0.00706757   -0.01120052  0.02158620
 -0.00166751 -0.00706757   -0.01371684 -0.00000000   -0.01120052 -0.02158620
 -0.01120052 -0.02158620   -0.01120052  0.02158620    0.12618797 -0.00000000
    1    2
 -0.00580353  0.01476539   -0.00348182 -0.00000000   -0.02868861 -0.00690129
 -0.00348182  0.00000000   -0.00580353 -0.01476539   -0.02868861  0.00690129
 -0.02868861 -0.00690129   -0.02868861  0.00690129   -0.07774405  0.00000000
    2    1
 -0.00580353 -0.01476539   -0.00348182  0.00000000   -0.02868861  0.00690129
 -0.00348182 -0.00000000   -0.00580353  0.01476539   -0.02868861 -0.00690129
 -0.02868861  0.00690129   -0.02868861 -0.00690129   -0.07774405 -0.00000000
    2    2
 -0.01371684 -0.00000000   -0.00166751 -0.00706757   -0.01120052 -0.02158620
 -0.00166751  0.00706757   -0.01371684  0.00000000   -0.01120052  0.02158620
 -0.01120052  0.02158620   -0.01120052 -0.02158620    0.12618797  0.00000000

     Dynamical  Matrix in cartesian axes

     q = (   -0.497251765   0.248625883   0.523760942 ) 

    1    1
 -0.01371684  0.00000000   -0.00166751 -0.00706757    0.01120052  0.02158620
 -0.00166751  0.00706757   -0.01371684  0.00000000    0.01120052 -0.02158620
  0.01120052 -0.02158620    0.01120052  0.02158620    0.12618797 -0.00000000
    1    2
  0.01568896  0.00235669    0.00174091 -0.00301535   -0.00836761  0.02829571
  0.00174091 -0.00301535   -0.00988543 -0.01240870   -0.02032099  0.02139442
 -0.00836761  0.02829571   -0.02032099  0.02139442    0.03887203 -0.06732832
    2    1
  0.01568896 -0.00235669    0.00174091  0.00301535   -0.00836761 -0.02829571
  0.00174091  0.00301535   -0.00988543  0.01240870   -0.02032099 -0.02139442
 -0.00836761 -0.02829571   -0.02032099 -0.02139442    0.03887203  0.06732832
    2    2
 -0.01371684  0.00000000   -0.00166751  0.00706757    0.01120052 -0.02158620
 -0.00166751 -0.00706757   -0.01371684  0.00000000    0.01120052  0.02158620
  0.01120052  0.02158620    0.01120052 -0.02158620    0.12618797  0.00000000

     Dynamical  Matrix in cartesian axes

     q = (    0.497251765  -0.248625883  -0.523760942 ) 

    1    1
 -0.01371684  0.00000000   -0.00166751  0.00706757    0.01120052 -0.02158620
 -0.00166751 -0.00706757   -0.01371684  0.00000000    0.01120052  0.02158620
  0.01120052  0.02158620    0.01120052 -0.02158620    0.12618797  0.00000000
    1    2
  0.01568896 -0.00235669    0.00174091  0.00301535   -0.00836761 -0.02829571
  0.00174091  0.00301535   -0.00988543  0.01240870   -0.02032099 -0.02139442
 -0.00836761 -0.02829571   -0.02032099 -0.02139442    0.03887203  0.06732832
    2    1
  0.01568896  0.00235669    0.00174091 -0.00301535   -0.00836761  0.02829571
  0.00174091 -0.00301535   -0.00988543 -0.01240870   -0.02032099  0.02139442
 -0.00836761  0.02829571   -0.02032099  0.02139442    0.03887203 -0.06732832
    2    2
 -0.01371684  0.00000000   -0.00166751 -0.00706757    0.01120052  0.02158620
 -0.00166751  0.00706757   -0.01371684  0.00000000    0.01120052 -0.02158620
  0.01120052 -0.02158620    0.01120052  0.02158620    0.12618797 -0.00000000

     Diagonalizing the dynamical matrix

     q = (    0.497251765   0.248625883   0.523760942 ) 

 **************************************************************************
     freq (    1) =      -3.372608 [THz] =    -112.498087 [cm-1]
 ( -0.004118 -0.446713  0.384806  0.226923 -0.158793 -0.275037 ) 
 (  0.388924 -0.219790 -0.388924 -0.219790  0.317586  0.000000 ) 
     freq (    2) =      -2.161637 [THz] =     -72.104445 [cm-1]
 (  0.489884  0.009518  0.236699 -0.429011 -0.070438 -0.122003 ) 
 (  0.253185  0.419493 -0.253185  0.419493 -0.140877  0.000000 ) 
     freq (    3) =      -0.494746 [THz] =     -16.502954 [cm-1]
 ( -0.009882  0.499902 -0.437868 -0.241393 -0.000586 -0.001015 ) 
 (  0.427987 -0.258509 -0.427987 -0.258509 -0.001172  0.000000 ) 
     freq (    4) =       0.786594 [THz] =      26.237954 [cm-1]
 ( -0.494480  0.036866 -0.279167  0.409800 -0.045443 -0.078709 ) 
 (  0.215314  0.446665 -0.215314  0.446665  0.090886  0.000000 ) 
     freq (    5) =       3.612753 [THz] =     120.508460 [cm-1]
 (  0.073974  0.221559 -0.154888 -0.174843 -0.312602 -0.541442 ) 
 ( -0.228863  0.046716  0.228863  0.046716  0.625203  0.000000 ) 
     freq (    6) =       5.908333 [THz] =     197.080772 [cm-1]
 (  0.099579  0.002781  0.047381 -0.087629  0.346465  0.600095 ) 
 (  0.052198  0.084848 -0.052198  0.084848  0.692930  0.000000 ) 
 **************************************************************************
