Dynamical matrix file
BETA-TIN PHONONS                                                           
  1    2  0 10.5638179  1.0000000  0.4746934  0.0000000  0.0000000  0.0000000
Basis vectors
     -0.670351232    0.670351232    0.318211331
      0.670351232   -0.670351232    0.318211331
      0.670351232    0.670351232   -0.318211331
           1  'Ge  '    66207.3097484883     
    1    1     -0.0000000000      1.0055268480      0.0795528329
    2    1      0.6703512320     -0.3351756160      0.2386584986

     Dynamical  Matrix in cartesian axes

     q = (   -0.621564706  -0.248625883  -0.261880471 ) 

    1    1
  0.00196269 -0.00000000   -0.01079289  0.01659633   -0.00315924 -0.01421806
 -0.01079289 -0.01659633   -0.07489625 -0.00000000    0.00705816 -0.01756816
 -0.00315924  0.01421806    0.00705816  0.01756816    0.05483705 -0.00000000
    1    2
  0.00133617  0.00184734    0.01141481 -0.01647206    0.00728776  0.00026681
  0.01141481 -0.01647206    0.07045934  0.01461898   -0.00758244 -0.01001815
  0.00728776  0.00026681   -0.00758244 -0.01001815   -0.01775711  0.00957243
    2    1
  0.00133617 -0.00184734    0.01141481  0.01647206    0.00728776 -0.00026681
  0.01141481  0.01647206    0.07045934 -0.01461898   -0.00758244  0.01001815
  0.00728776 -0.00026681   -0.00758244  0.01001815   -0.01775711 -0.00957243
    2    2
  0.00196269  0.00000000   -0.01079289 -0.01659633   -0.00315924  0.01421806
 -0.01079289  0.01659633   -0.07489625  0.00000000    0.00705816  0.01756816
 -0.00315924 -0.01421806    0.00705816 -0.01756816    0.05483705  0.00000000

     Dynamical  Matrix in cartesian axes

     q = (    0.621564706  -0.248625883  -0.261880471 ) 

    1    1
  0.00196269  0.00000000    0.01079289 -0.01659633    0.00315924  0.01421806
  0.01079289  0.01659633   -0.07489625 -0.00000000    0.00705816 -0.01756816
  0.00315924 -0.01421806    0.00705816  0.01756816    0.05483705 -0.00000000
    1    2
 -0.00093176  0.00208082   -0.01997263 -0.00164949   -0.00341281 -0.00644479
 -0.01997263 -0.00164949    0.02256926  0.06832907    0.00488476 -0.01157566
 -0.00341281 -0.00644479    0.00488476 -0.01157566   -0.01716852 -0.01059189
    2    1
 -0.00093176 -0.00208082   -0.01997263  0.00164949   -0.00341281  0.00644479
 -0.01997263  0.00164949    0.02256926 -0.06832907    0.00488476  0.01157566
 -0.00341281  0.00644479    0.00488476  0.01157566   -0.01716852  0.01059189
    2    2
  0.00196269 -0.00000000    0.01079289  0.01659633    0.00315924 -0.01421806
  0.01079289 -0.01659633   -0.07489625  0.00000000    0.00705816  0.01756816
  0.00315924  0.01421806    0.00705816 -0.01756816    0.05483705  0.00000000

     Dynamical  Matrix in cartesian axes

     q = (    0.621564706   0.248625883  -0.261880471 ) 

    1    1
  0.00196269 -0.00000000   -0.01079289  0.01659633    0.00315924  0.01421806
 -0.01079289 -0.01659633   -0.07489625 -0.00000000   -0.00705816  0.01756816
  0.00315924 -0.01421806   -0.00705816 -0.01756816    0.05483705 -0.00000000
    1    2
  0.00226792 -0.00023348   -0.00855782 -0.01812154   -0.00387495  0.00617798
 -0.00855782 -0.01812154    0.04789008 -0.05371009    0.01246719 -0.00155750
 -0.00387495  0.00617798    0.01246719 -0.00155750   -0.00058859  0.02016432
    2    1
  0.00226792  0.00023348   -0.00855782  0.01812154   -0.00387495 -0.00617798
 -0.00855782  0.01812154    0.04789008  0.05371009    0.01246719  0.00155750
 -0.00387495 -0.00617798    0.01246719  0.00155750   -0.00058859 -0.02016432
    2    2
  0.00196269  0.00000000   -0.01079289 -0.01659633    0.00315924 -0.01421806
 -0.01079289  0.01659633   -0.07489625  0.00000000   -0.00705816 -0.01756816
  0.00315924  0.01421806   -0.00705816  0.01756816    0.05483705  0.00000000

     Dynamical  Matrix in cartesian axes

     q = (    0.248625883   0.621564706  -0.261880471 ) 

    1    1
 -0.07489625  0.00000000   -0.01079289  0.01659633   -0.00705816 -0.01756816
 -0.01079289 -0.01659633    0.00196269  0.00000000    0.00315924 -0.01421806
 -0.00705816  0.01756816    0.00315924  0.01421806    0.05483705  0.00000000
    1    2
  0.02256926 -0.06832907    0.01997263 -0.00164949   -0.00488476 -0.01157566
  0.01997263 -0.00164949   -0.00093176 -0.00208082   -0.00341281  0.00644479
 -0.00488476 -0.01157566   -0.00341281  0.00644479   -0.01716852  0.01059189
    2    1
  0.02256926  0.06832907    0.01997263  0.00164949   -0.00488476  0.01157566
  0.01997263  0.00164949   -0.00093176  0.00208082   -0.00341281 -0.00644479
 -0.00488476  0.01157566   -0.00341281 -0.00644479   -0.01716852 -0.01059189
    2    2
 -0.07489625 -0.00000000   -0.01079289 -0.01659633   -0.00705816  0.01756816
 -0.01079289  0.01659633    0.00196269 -0.00000000    0.00315924  0.01421806
 -0.00705816 -0.01756816    0.00315924 -0.01421806    0.05483705 -0.00000000

     Dynamical  Matrix in cartesian axes

     q = (   -0.621564706   0.248625883  -0.261880471 ) 

    1    1
  0.00196269  0.00000000    0.01079289 -0.01659633   -0.00315924 -0.01421806
  0.01079289  0.01659633   -0.07489625 -0.00000000   -0.00705816  0.01756816
 -0.00315924  0.01421806   -0.00705816 -0.01756816    0.05483705 -0.00000000
    1    2
  0.00093176 -0.00208082    0.01997263  0.00164949   -0.00341281 -0.00644479
  0.01997263  0.00164949   -0.02256926 -0.06832907    0.00488476 -0.01157566
 -0.00341281 -0.00644479    0.00488476 -0.01157566    0.01716852  0.01059189
    2    1
  0.00093176  0.00208082    0.01997263 -0.00164949   -0.00341281  0.00644479
  0.01997263 -0.00164949   -0.02256926  0.06832907    0.00488476  0.01157566
 -0.00341281  0.00644479    0.00488476  0.01157566    0.01716852 -0.01059189
    2    2
  0.00196269  0.00000000    0.01079289  0.01659633   -0.00315924  0.01421806
  0.01079289 -0.01659633   -0.07489625  0.00000000   -0.00705816 -0.01756816
 -0.00315924 -0.01421806   -0.00705816  0.01756816    0.05483705  0.00000000

     Dynamical  Matrix in cartesian axes

     q = (    0.248625883  -0.621564706  -0.261880471 ) 

    1    1
 -0.07489625  0.00000000    0.01079289 -0.01659633   -0.00705816 -0.01756816
  0.01079289  0.01659633    0.00196269  0.00000000   -0.00315924  0.01421806
 -0.00705816  0.01756816   -0.00315924 -0.01421806    0.05483705  0.00000000
    1    2
  0.04789008  0.05371009    0.00855782 -0.01812154    0.01246719  0.00155750
  0.00855782 -0.01812154    0.00226792  0.00023348    0.00387495  0.00617798
  0.01246719  0.00155750    0.00387495  0.00617798   -0.00058859 -0.02016432
    2    1
  0.04789008 -0.05371009    0.00855782  0.01812154    0.01246719 -0.00155750
  0.00855782  0.01812154    0.00226792 -0.00023348    0.00387495 -0.00617798
  0.01246719 -0.00155750    0.00387495 -0.00617798   -0.00058859  0.02016432
    2    2
 -0.07489625 -0.00000000    0.01079289  0.01659633   -0.00705816  0.01756816
  0.01079289 -0.01659633    0.00196269  0.00000000   -0.00315924 -0.01421806
 -0.00705816 -0.01756816   -0.00315924  0.01421806    0.05483705 -0.00000000

     Dynamical  Matrix in cartesian axes

     q = (    0.621564706  -0.248625883   0.261880471 ) 

    1    1
  0.00196269  0.00000000    0.01079289  0.01659633   -0.00315924  0.01421806
  0.01079289 -0.01659633   -0.07489625  0.00000000   -0.00705816 -0.01756816
 -0.00315924 -0.01421806   -0.00705816  0.01756816    0.05483705  0.00000000
    1    2
  0.00093176  0.00208082    0.01997263 -0.00164949   -0.00341281  0.00644479
  0.01997263 -0.00164949   -0.02256926  0.06832907    0.00488476  0.01157566
 -0.00341281  0.00644479    0.00488476  0.01157566    0.01716852 -0.01059189
    2    1
  0.00093176 -0.00208082    0.01997263  0.00164949   -0.00341281 -0.00644479
  0.01997263  0.00164949   -0.02256926 -0.06832907    0.00488476 -0.01157566
 -0.00341281 -0.00644479    0.00488476 -0.01157566    0.01716852  0.01059189
    2    2
  0.00196269  0.00000000    0.01079289 -0.01659633   -0.00315924 -0.01421806
  0.01079289  0.01659633   -0.07489625 -0.00000000   -0.00705816  0.01756816
 -0.00315924  0.01421806   -0.00705816 -0.01756816    0.05483705 -0.00000000

     Dynamical  Matrix in cartesian axes

     q = (   -0.248625883   0.621564706  -0.261880471 ) 

    1    1
 -0.07489625  0.00000000    0.01079289 -0.01659633    0.00705816  0.01756816
  0.01079289  0.01659633    0.00196269 -0.00000000    0.00315924 -0.01421806
  0.00705816 -0.01756816    0.00315924  0.01421806    0.05483705  0.00000000
    1    2
  0.04789008  0.05371009    0.00855782 -0.01812154   -0.01246719 -0.00155750
  0.00855782 -0.01812154    0.00226792  0.00023348   -0.00387495 -0.00617798
 -0.01246719 -0.00155750   -0.00387495 -0.00617798   -0.00058859 -0.02016432
    2    1
  0.04789008 -0.05371009    0.00855782  0.01812154   -0.01246719  0.00155750
  0.00855782  0.01812154    0.00226792 -0.00023348   -0.00387495  0.00617798
 -0.01246719  0.00155750   -0.00387495  0.00617798   -0.00058859  0.02016432
    2    2
 -0.07489625 -0.00000000    0.01079289  0.01659633    0.00705816 -0.01756816
  0.01079289 -0.01659633    0.00196269  0.00000000    0.00315924  0.01421806
  0.00705816  0.01756816    0.00315924 -0.01421806    0.05483705 -0.00000000

     Dynamical  Matrix in cartesian axes

     q = (   -0.621564706  -0.248625883   0.261880471 ) 

    1    1
  0.00196269  0.00000000   -0.01079289 -0.01659633    0.00315924 -0.01421806
 -0.01079289  0.01659633   -0.07489625  0.00000000   -0.00705816 -0.01756816
  0.00315924  0.01421806   -0.00705816  0.01756816    0.05483705  0.00000000
    1    2
  0.00226792  0.00023348   -0.00855782  0.01812154   -0.00387495 -0.00617798
 -0.00855782  0.01812154    0.04789008  0.05371009    0.01246719  0.00155750
 -0.00387495 -0.00617798    0.01246719  0.00155750   -0.00058859 -0.02016432
    2    1
  0.00226792 -0.00023348   -0.00855782 -0.01812154   -0.00387495  0.00617798
 -0.00855782 -0.01812154    0.04789008 -0.05371009    0.01246719 -0.00155750
 -0.00387495  0.00617798    0.01246719 -0.00155750   -0.00058859  0.02016432
    2    2
  0.00196269 -0.00000000   -0.01079289  0.01659633    0.00315924  0.01421806
 -0.01079289 -0.01659633   -0.07489625 -0.00000000   -0.00705816  0.01756816
  0.00315924 -0.01421806   -0.00705816 -0.01756816    0.05483705 -0.00000000

     Dynamical  Matrix in cartesian axes

     q = (   -0.248625883  -0.621564706  -0.261880471 ) 

    1    1
 -0.07489625  0.00000000   -0.01079289  0.01659633    0.00705816  0.01756816
 -0.01079289 -0.01659633    0.00196269  0.00000000   -0.00315924  0.01421806
  0.00705816 -0.01756816   -0.00315924 -0.01421806    0.05483705  0.00000000
    1    2
 -0.07045934  0.01461898   -0.01141481 -0.01647206    0.00758244 -0.01001815
 -0.01141481 -0.01647206   -0.00133617  0.00184734   -0.00728776  0.00026681
  0.00758244 -0.01001815   -0.00728776  0.00026681    0.01775711  0.00957243
    2    1
 -0.07045934 -0.01461898   -0.01141481  0.01647206    0.00758244  0.01001815
 -0.01141481  0.01647206   -0.00133617 -0.00184734   -0.00728776 -0.00026681
  0.00758244  0.01001815   -0.00728776 -0.00026681    0.01775711 -0.00957243
    2    2
 -0.07489625 -0.00000000   -0.01079289 -0.01659633    0.00705816 -0.01756816
 -0.01079289  0.01659633    0.00196269 -0.00000000   -0.00315924 -0.01421806
  0.00705816  0.01756816   -0.00315924  0.01421806    0.05483705 -0.00000000

     Dynamical  Matrix in cartesian axes

     q = (   -0.248625883  -0.621564706   0.261880471 ) 

    1    1
 -0.07489625 -0.00000000   -0.01079289 -0.01659633   -0.00705816  0.01756816
 -0.01079289  0.01659633    0.00196269 -0.00000000    0.00315924  0.01421806
 -0.00705816 -0.01756816    0.00315924 -0.01421806    0.05483705 -0.00000000
    1    2
  0.02256926  0.06832907    0.01997263  0.00164949   -0.00488476  0.01157566
  0.01997263  0.00164949   -0.00093176  0.00208082   -0.00341281 -0.00644479
 -0.00488476  0.01157566   -0.00341281 -0.00644479   -0.01716852 -0.01059189
    2    1
  0.02256926 -0.06832907    0.01997263 -0.00164949   -0.00488476 -0.01157566
  0.01997263 -0.00164949   -0.00093176 -0.00208082   -0.00341281  0.00644479
 -0.00488476 -0.01157566   -0.00341281  0.00644479   -0.01716852  0.01059189
    2    2
 -0.07489625  0.00000000   -0.01079289  0.01659633   -0.00705816 -0.01756816
 -0.01079289 -0.01659633    0.00196269  0.00000000    0.00315924 -0.01421806
 -0.00705816  0.01756816    0.00315924  0.01421806    0.05483705  0.00000000

     Dynamical  Matrix in cartesian axes

     q = (    0.621564706   0.248625883   0.261880471 ) 

    1    1
  0.00196269  0.00000000   -0.01079289 -0.01659633   -0.00315924  0.01421806
 -0.01079289  0.01659633   -0.07489625  0.00000000    0.00705816  0.01756816
 -0.00315924 -0.01421806    0.00705816 -0.01756816    0.05483705  0.00000000
    1    2
  0.00133617 -0.00184734    0.01141481  0.01647206    0.00728776 -0.00026681
  0.01141481  0.01647206    0.07045934 -0.01461898   -0.00758244  0.01001815
  0.00728776 -0.00026681   -0.00758244  0.01001815   -0.01775711 -0.00957243
    2    1
  0.00133617  0.00184734    0.01141481 -0.01647206    0.00728776  0.00026681
  0.01141481 -0.01647206    0.07045934  0.01461898   -0.00758244 -0.01001815
  0.00728776  0.00026681   -0.00758244 -0.01001815   -0.01775711  0.00957243
    2    2
  0.00196269 -0.00000000   -0.01079289  0.01659633   -0.00315924 -0.01421806
 -0.01079289 -0.01659633   -0.07489625 -0.00000000    0.00705816 -0.01756816
 -0.00315924  0.01421806    0.00705816  0.01756816    0.05483705 -0.00000000

     Dynamical  Matrix in cartesian axes

     q = (    0.248625883   0.621564706   0.261880471 ) 

    1    1
 -0.07489625 -0.00000000   -0.01079289 -0.01659633    0.00705816 -0.01756816
 -0.01079289  0.01659633    0.00196269 -0.00000000   -0.00315924 -0.01421806
  0.00705816  0.01756816   -0.00315924  0.01421806    0.05483705 -0.00000000
    1    2
 -0.07045934 -0.01461898   -0.01141481  0.01647206    0.00758244  0.01001815
 -0.01141481  0.01647206   -0.00133617 -0.00184734   -0.00728776 -0.00026681
  0.00758244  0.01001815   -0.00728776 -0.00026681    0.01775711 -0.00957243
    2    1
 -0.07045934  0.01461898   -0.01141481 -0.01647206    0.00758244 -0.01001815
 -0.01141481 -0.01647206   -0.00133617  0.00184734   -0.00728776  0.00026681
  0.00758244 -0.01001815   -0.00728776  0.00026681    0.01775711  0.00957243
    2    2
 -0.07489625  0.00000000   -0.01079289  0.01659633    0.00705816  0.01756816
 -0.01079289 -0.01659633    0.00196269  0.00000000   -0.00315924  0.01421806
  0.00705816 -0.01756816   -0.00315924 -0.01421806    0.05483705  0.00000000

     Dynamical  Matrix in cartesian axes

     q = (   -0.621564706   0.248625883   0.261880471 ) 

    1    1
  0.00196269 -0.00000000    0.01079289  0.01659633    0.00315924 -0.01421806
  0.01079289 -0.01659633   -0.07489625  0.00000000    0.00705816  0.01756816
  0.00315924  0.01421806    0.00705816 -0.01756816    0.05483705  0.00000000
    1    2
 -0.00093176 -0.00208082   -0.01997263  0.00164949   -0.00341281  0.00644479
 -0.01997263  0.00164949    0.02256926 -0.06832907    0.00488476  0.01157566
 -0.00341281  0.00644479    0.00488476  0.01157566   -0.01716852  0.01059189
    2    1
 -0.00093176  0.00208082   -0.01997263 -0.00164949   -0.00341281 -0.00644479
 -0.01997263 -0.00164949    0.02256926  0.06832907    0.00488476 -0.01157566
 -0.00341281 -0.00644479    0.00488476 -0.01157566   -0.01716852 -0.01059189
    2    2
  0.00196269  0.00000000    0.01079289 -0.01659633    0.00315924  0.01421806
  0.01079289  0.01659633   -0.07489625 -0.00000000    0.00705816 -0.01756816
  0.00315924 -0.01421806    0.00705816  0.01756816    0.05483705 -0.00000000

     Dynamical  Matrix in cartesian axes

     q = (    0.248625883  -0.621564706   0.261880471 ) 

    1    1
 -0.07489625 -0.00000000    0.01079289  0.01659633    0.00705816 -0.01756816
  0.01079289 -0.01659633    0.00196269  0.00000000    0.00315924  0.01421806
  0.00705816  0.01756816    0.00315924 -0.01421806    0.05483705 -0.00000000
    1    2
  0.04789008 -0.05371009    0.00855782  0.01812154   -0.01246719  0.00155750
  0.00855782  0.01812154    0.00226792 -0.00023348   -0.00387495  0.00617798
 -0.01246719  0.00155750   -0.00387495  0.00617798   -0.00058859  0.02016432
    2    1
  0.04789008  0.05371009    0.00855782 -0.01812154   -0.01246719 -0.00155750
  0.00855782 -0.01812154    0.00226792  0.00023348   -0.00387495 -0.00617798
 -0.01246719 -0.00155750   -0.00387495 -0.00617798   -0.00058859 -0.02016432
    2    2
 -0.07489625  0.00000000    0.01079289 -0.01659633    0.00705816  0.01756816
  0.01079289  0.01659633    0.00196269 -0.00000000    0.00315924 -0.01421806
  0.00705816 -0.01756816    0.00315924  0.01421806    0.05483705  0.00000000

     Dynamical  Matrix in cartesian axes

     q = (   -0.248625883   0.621564706   0.261880471 ) 

    1    1
 -0.07489625 -0.00000000    0.01079289  0.01659633   -0.00705816  0.01756816
  0.01079289 -0.01659633    0.00196269  0.00000000   -0.00315924 -0.01421806
 -0.00705816 -0.01756816   -0.00315924  0.01421806    0.05483705 -0.00000000
    1    2
  0.04789008 -0.05371009    0.00855782  0.01812154    0.01246719 -0.00155750
  0.00855782  0.01812154    0.00226792 -0.00023348    0.00387495 -0.00617798
  0.01246719 -0.00155750    0.00387495 -0.00617798   -0.00058859  0.02016432
    2    1
  0.04789008  0.05371009    0.00855782 -0.01812154    0.01246719  0.00155750
  0.00855782 -0.01812154    0.00226792  0.00023348    0.00387495  0.00617798
  0.01246719  0.00155750    0.00387495  0.00617798   -0.00058859 -0.02016432
    2    2
 -0.07489625  0.00000000    0.01079289 -0.01659633   -0.00705816 -0.01756816
  0.01079289  0.01659633    0.00196269  0.00000000   -0.00315924  0.01421806
 -0.00705816  0.01756816   -0.00315924 -0.01421806    0.05483705  0.00000000

     Diagonalizing the dynamical matrix

     q = (   -0.621564706  -0.248625883  -0.261880471 ) 

 **************************************************************************
     freq (    1) =      -5.140457 [THz] =    -171.467202 [cm-1]
 ( -0.164712 -0.027202 -0.240215 -0.634118 -0.068680  0.087203 ) 
 ( -0.080542  0.146229  0.349537  0.581062 -0.111001  0.000000 ) 
     freq (    2) =      -1.078744 [THz] =     -35.983031 [cm-1]
 ( -0.640843  0.090984 -0.125822 -0.147340  0.011348  0.208263 ) 
 (  0.055981 -0.644844 -0.153968 -0.117619  0.208572  0.000000 ) 
     freq (    3) =      -0.880277 [THz] =     -29.362889 [cm-1]
 ( -0.075486 -0.208263 -0.607975  0.261763 -0.074404  0.085083 ) 
 (  0.107082  0.193921 -0.597269  0.285348 -0.113027  0.000000 ) 
     freq (    4) =       1.532214 [THz] =      51.109141 [cm-1]
 ( -0.560903 -0.377180  0.114388  0.162806  0.059204 -0.005256 ) 
 ( -0.525350  0.425304  0.099542 -0.172284  0.059437  0.000000 ) 
     freq (    5) =       2.621273 [THz] =      87.436269 [cm-1]
 ( -0.058033  0.120961  0.110336  0.093142 -0.558406  0.386437 ) 
 ( -0.116554 -0.066442  0.037726 -0.139378 -0.679081  0.000000 ) 
     freq (    6) =       3.636973 [THz] =     121.316362 [cm-1]
 ( -0.147513 -0.086400  0.001478 -0.063680  0.587151 -0.349245 ) 
 (  0.082612 -0.149667 -0.033824 -0.053974 -0.683167  0.000000 ) 
 **************************************************************************
