Dynamical matrix file
BETA-TIN PHONONS                                                           
  1    2  0 10.5638179  1.0000000  0.4746934  0.0000000  0.0000000  0.0000000
Basis vectors
     -0.670351232    0.670351232    0.318211331
      0.670351232   -0.670351232    0.318211331
      0.670351232    0.670351232   -0.318211331
           1  'Ge  '    66207.3097484883     
    1    1     -0.0000000000      1.0055268480      0.0795528329
    2    1      0.6703512320     -0.3351756160      0.2386584986

     Dynamical  Matrix in cartesian axes

     q = (    0.124312941   0.000000000   0.261880471 ) 

    1    1
 -0.01796866  0.00000000   -0.00000000  0.00000000   -0.00181330 -0.02905752
 -0.00000000  0.00000000   -0.01768500  0.00000000   -0.00000000  0.00000000
 -0.00181330  0.02905752   -0.00000000  0.00000000   -0.01173792  0.00000000
    1    2
  0.00393883  0.04197464   -0.00000000  0.00000000    0.02055581 -0.00022748
 -0.00000000  0.00000000    0.01008005 -0.00043311   -0.00000000  0.00000000
  0.02055581 -0.00022748    0.00000000  0.00000000    0.06015231 -0.03405931
    2    1
  0.00393883 -0.04197464   -0.00000000  0.00000000    0.02055581  0.00022748
 -0.00000000  0.00000000    0.01008005  0.00043311   -0.00000000  0.00000000
  0.02055581  0.00022748    0.00000000  0.00000000    0.06015231  0.03405931
    2    2
 -0.01796866  0.00000000   -0.00000000  0.00000000   -0.00181330  0.02905752
 -0.00000000  0.00000000   -0.01768500  0.00000000   -0.00000000  0.00000000
 -0.00181330 -0.02905752   -0.00000000  0.00000000   -0.01173792  0.00000000

     Dynamical  Matrix in cartesian axes

     q = (    0.000000000   0.124312941   0.261880471 ) 

    1    1
 -0.01768500  0.00000000   -0.00000000  0.00000000   -0.00000000  0.00000000
 -0.00000000  0.00000000   -0.01796866  0.00000000   -0.00181330  0.02905752
 -0.00000000  0.00000000   -0.00181330 -0.02905752   -0.01173792  0.00000000
    1    2
  0.01008005  0.00043311    0.00000000 -0.00000000    0.00000000  0.00000000
  0.00000000 -0.00000000    0.00393883 -0.04197464    0.02055581  0.00022748
 -0.00000000  0.00000000    0.02055581  0.00022748    0.06015231  0.03405931
    2    1
  0.01008005 -0.00043311    0.00000000  0.00000000    0.00000000  0.00000000
  0.00000000  0.00000000    0.00393883  0.04197464    0.02055581 -0.00022748
 -0.00000000  0.00000000    0.02055581 -0.00022748    0.06015231 -0.03405931
    2    2
 -0.01768500  0.00000000   -0.00000000  0.00000000   -0.00000000  0.00000000
 -0.00000000  0.00000000   -0.01796866  0.00000000   -0.00181330 -0.02905752
 -0.00000000  0.00000000   -0.00181330  0.02905752   -0.01173792  0.00000000

     Dynamical  Matrix in cartesian axes

     q = (    0.000000000   0.124312941  -0.261880471 ) 

    1    1
 -0.01768500  0.00000000    0.00000000  0.00000000    0.00000000  0.00000000
  0.00000000  0.00000000   -0.01796866  0.00000000    0.00181330  0.02905752
  0.00000000  0.00000000    0.00181330 -0.02905752   -0.01173792  0.00000000
    1    2
 -0.00466494  0.00894613   -0.00000000  0.00000000   -0.00000000 -0.00000000
 -0.00000000  0.00000000   -0.03832052 -0.01757620    0.01008090 -0.01791559
 -0.00000000 -0.00000000    0.01008090 -0.01791559   -0.00057993  0.06912309
    2    1
 -0.00466494 -0.00894613   -0.00000000 -0.00000000   -0.00000000  0.00000000
 -0.00000000 -0.00000000   -0.03832052  0.01757620    0.01008090  0.01791559
 -0.00000000  0.00000000    0.01008090  0.01791559   -0.00057993 -0.06912309
    2    2
 -0.01768500  0.00000000    0.00000000  0.00000000    0.00000000  0.00000000
  0.00000000  0.00000000   -0.01796866  0.00000000    0.00181330 -0.02905752
  0.00000000  0.00000000    0.00181330  0.02905752   -0.01173792  0.00000000

     Dynamical  Matrix in cartesian axes

     q = (   -0.124312941   0.000000000   0.261880471 ) 

    1    1
 -0.01796866  0.00000000    0.00000000  0.00000000    0.00181330  0.02905752
  0.00000000  0.00000000   -0.01768500  0.00000000    0.00000000  0.00000000
  0.00181330 -0.02905752    0.00000000  0.00000000   -0.01173792  0.00000000
    1    2
 -0.03438169  0.02439844   -0.00000000  0.00000000   -0.01047491 -0.01768811
 -0.00000000  0.00000000    0.00541511  0.00851302   -0.00000000  0.00000000
 -0.01047491 -0.01768811   -0.00000000  0.00000000    0.05957239  0.03506378
    2    1
 -0.03438169 -0.02439844   -0.00000000 -0.00000000   -0.01047491  0.01768811
 -0.00000000 -0.00000000    0.00541511 -0.00851302   -0.00000000 -0.00000000
 -0.01047491  0.01768811   -0.00000000 -0.00000000    0.05957239 -0.03506378
    2    2
 -0.01796866  0.00000000    0.00000000  0.00000000    0.00181330 -0.02905752
  0.00000000  0.00000000   -0.01768500  0.00000000    0.00000000  0.00000000
  0.00181330  0.02905752    0.00000000  0.00000000   -0.01173792  0.00000000

     Dynamical  Matrix in cartesian axes

     q = (    0.000000000  -0.124312941   0.261880471 ) 

    1    1
 -0.01768500  0.00000000    0.00000000  0.00000000    0.00000000  0.00000000
  0.00000000  0.00000000   -0.01796866  0.00000000    0.00181330 -0.02905752
  0.00000000  0.00000000    0.00181330  0.02905752   -0.01173792  0.00000000
    1    2
 -0.00466494 -0.00894613    0.00000000  0.00000000    0.00000000  0.00000000
  0.00000000  0.00000000   -0.03832052  0.01757620    0.01008090  0.01791559
  0.00000000 -0.00000000    0.01008090  0.01791559   -0.00057993 -0.06912309
    2    1
 -0.00466494  0.00894613    0.00000000  0.00000000    0.00000000 -0.00000000
  0.00000000  0.00000000   -0.03832052 -0.01757620    0.01008090 -0.01791559
  0.00000000  0.00000000    0.01008090 -0.01791559   -0.00057993  0.06912309
    2    2
 -0.01768500  0.00000000    0.00000000  0.00000000    0.00000000  0.00000000
  0.00000000  0.00000000   -0.01796866  0.00000000    0.00181330  0.02905752
  0.00000000  0.00000000    0.00181330 -0.02905752   -0.01173792  0.00000000

     Dynamical  Matrix in cartesian axes

     q = (   -0.124312941   0.000000000  -0.261880471 ) 

    1    1
 -0.01796866  0.00000000   -0.00000000  0.00000000   -0.00181330  0.02905752
 -0.00000000  0.00000000   -0.01768500  0.00000000   -0.00000000  0.00000000
 -0.00181330 -0.02905752   -0.00000000  0.00000000   -0.01173792  0.00000000
    1    2
  0.00393883 -0.04197464   -0.00000000  0.00000000    0.02055581  0.00022748
 -0.00000000  0.00000000    0.01008005  0.00043311   -0.00000000  0.00000000
  0.02055581  0.00022748    0.00000000  0.00000000    0.06015231  0.03405931
    2    1
  0.00393883  0.04197464   -0.00000000  0.00000000    0.02055581 -0.00022748
 -0.00000000  0.00000000    0.01008005 -0.00043311   -0.00000000  0.00000000
  0.02055581 -0.00022748    0.00000000  0.00000000    0.06015231 -0.03405931
    2    2
 -0.01796866  0.00000000   -0.00000000  0.00000000   -0.00181330 -0.02905752
 -0.00000000  0.00000000   -0.01768500  0.00000000   -0.00000000  0.00000000
 -0.00181330  0.02905752   -0.00000000  0.00000000   -0.01173792  0.00000000

     Dynamical  Matrix in cartesian axes

     q = (    0.000000000  -0.124312941  -0.261880471 ) 

    1    1
 -0.01768500  0.00000000   -0.00000000  0.00000000   -0.00000000  0.00000000
 -0.00000000  0.00000000   -0.01796866  0.00000000   -0.00181330 -0.02905752
 -0.00000000  0.00000000   -0.00181330  0.02905752   -0.01173792  0.00000000
    1    2
  0.01008005 -0.00043311   -0.00000000  0.00000000    0.00000000  0.00000000
 -0.00000000  0.00000000    0.00393883  0.04197464    0.02055581 -0.00022748
  0.00000000  0.00000000    0.02055581 -0.00022748    0.06015231 -0.03405931
    2    1
  0.01008005  0.00043311   -0.00000000 -0.00000000    0.00000000  0.00000000
 -0.00000000 -0.00000000    0.00393883 -0.04197464    0.02055581  0.00022748
  0.00000000  0.00000000    0.02055581  0.00022748    0.06015231  0.03405931
    2    2
 -0.01768500  0.00000000   -0.00000000  0.00000000   -0.00000000  0.00000000
 -0.00000000  0.00000000   -0.01796866  0.00000000   -0.00181330  0.02905752
 -0.00000000  0.00000000   -0.00181330 -0.02905752   -0.01173792  0.00000000

     Dynamical  Matrix in cartesian axes

     q = (    0.124312941   0.000000000  -0.261880471 ) 

    1    1
 -0.01796866  0.00000000    0.00000000  0.00000000    0.00181330 -0.02905752
  0.00000000  0.00000000   -0.01768500  0.00000000    0.00000000  0.00000000
  0.00181330  0.02905752    0.00000000  0.00000000   -0.01173792  0.00000000
    1    2
 -0.03438169 -0.02439844    0.00000000  0.00000000   -0.01047491  0.01768811
  0.00000000  0.00000000    0.00541511 -0.00851302    0.00000000  0.00000000
 -0.01047491  0.01768811    0.00000000  0.00000000    0.05957239 -0.03506378
    2    1
 -0.03438169  0.02439844    0.00000000  0.00000000   -0.01047491 -0.01768811
  0.00000000  0.00000000    0.00541511  0.00851302    0.00000000 -0.00000000
 -0.01047491 -0.01768811    0.00000000 -0.00000000    0.05957239  0.03506378
    2    2
 -0.01796866  0.00000000    0.00000000  0.00000000    0.00181330  0.02905752
  0.00000000  0.00000000   -0.01768500  0.00000000    0.00000000  0.00000000
  0.00181330 -0.02905752    0.00000000  0.00000000   -0.01173792  0.00000000

     Diagonalizing the dynamical matrix

     q = (    0.124312941   0.000000000   0.261880471 ) 

 **************************************************************************
     freq (    1) =      -4.365273 [THz] =    -145.609837 [cm-1]
 ( -0.410588 -0.174720 -0.000000 -0.000000 -0.405948  0.368913 ) 
 (  0.186353 -0.405441  0.000000 -0.000000  0.548535  0.000000 ) 
     freq (    2) =      -2.217750 [THz] =     -73.976185 [cm-1]
 ( -0.406094 -0.338729  0.000000 -0.000000  0.465437  0.060981 ) 
 (  0.446656 -0.283104 -0.000000 -0.000000 -0.469415  0.000000 ) 
     freq (    3) =      -2.130807 [THz] =     -71.076057 [cm-1]
 ( -0.000000 -0.000000 -0.700051  0.099639  0.000000 -0.000000 ) 
 (  0.000000 -0.000000  0.703683 -0.069496 -0.000000  0.000000 ) 
     freq (    4) =      -1.114306 [THz] =     -37.169257 [cm-1]
 ( -0.000000 -0.000000  0.669524  0.227459 -0.000000 -0.000000 ) 
 ( -0.000000  0.000000  0.659143  0.255990 -0.000000  0.000000 ) 
     freq (    5) =       1.957379 [THz] =      65.291134 [cm-1]
 (  0.447994  0.533767  0.000000  0.000000  0.108647  0.050897 ) 
 (  0.632119 -0.293309  0.000000 -0.000000  0.119978  0.000000 ) 
     freq (    6) =       3.229596 [THz] =     107.727728 [cm-1]
 (  0.028108  0.186670 -0.000000 -0.000000 -0.628262  0.263915 ) 
 ( -0.046380 -0.182988 -0.000000  0.000000 -0.681443  0.000000 ) 
 **************************************************************************
