Dynamical matrix file
BETA-TIN PHONONS                                                           
  1    2  0 10.5638179  1.0000000  0.4746934  0.0000000  0.0000000  0.0000000
Basis vectors
     -0.670351232    0.670351232    0.318211331
      0.670351232   -0.670351232    0.318211331
      0.670351232    0.670351232   -0.318211331
           1  'Ge  '    66207.3097484883     
    1    1     -0.0000000000      1.0055268480      0.0795528329
    2    1      0.6703512320     -0.3351756160      0.2386584986

     Dynamical  Matrix in cartesian axes

     q = (   -0.248625883   0.124312941  -0.785641413 ) 

    1    1
  0.02914317  0.00000000    0.00003236  0.00452792   -0.01337384  0.00453086
  0.00003236 -0.00452792    0.02793734  0.00000000   -0.01141530 -0.00326349
 -0.01337384 -0.00453086   -0.01141530  0.00326349    0.19824832  0.00000000
    1    2
  0.01029161 -0.03896783    0.00219835  0.00171154   -0.00360903  0.00355770
  0.00219835  0.00171154    0.04948917 -0.01912992   -0.01305842  0.00759253
 -0.00360903  0.00355770   -0.01305842  0.00759253   -0.00116092 -0.02179309
    2    1
  0.01029161  0.03896783    0.00219835 -0.00171154   -0.00360903 -0.00355770
  0.00219835 -0.00171154    0.04948917  0.01912992   -0.01305842 -0.00759253
 -0.00360903 -0.00355770   -0.01305842 -0.00759253   -0.00116092  0.02179309
    2    2
  0.02914317  0.00000000    0.00003236 -0.00452792   -0.01337384 -0.00453086
  0.00003236  0.00452792    0.02793734  0.00000000   -0.01141530  0.00326349
 -0.01337384  0.00453086   -0.01141530 -0.00326349    0.19824832 -0.00000000

     Dynamical  Matrix in cartesian axes

     q = (   -0.248625883  -0.124312941  -0.785641413 ) 

    1    1
  0.02914317  0.00000000   -0.00003236 -0.00452792   -0.01337384  0.00453086
 -0.00003236  0.00452792    0.02793734 -0.00000000    0.01141530  0.00326349
 -0.01337384 -0.00453086    0.01141530 -0.00326349    0.19824832  0.00000000
    1    2
 -0.03889294  0.01057112   -0.00038306  0.00275959    0.00488558  0.00134666
 -0.00038306  0.00275959   -0.04131158 -0.03329392   -0.01310453 -0.00751266
  0.00488558  0.00134666   -0.01310453 -0.00751266   -0.01829291  0.01190194
    2    1
 -0.03889294 -0.01057112   -0.00038306 -0.00275959    0.00488558 -0.00134666
 -0.00038306 -0.00275959   -0.04131158  0.03329392   -0.01310453  0.00751266
  0.00488558 -0.00134666   -0.01310453  0.00751266   -0.01829291 -0.01190194
    2    2
  0.02914317 -0.00000000   -0.00003236  0.00452792   -0.01337384 -0.00453086
 -0.00003236 -0.00452792    0.02793734  0.00000000    0.01141530 -0.00326349
 -0.01337384  0.00453086    0.01141530  0.00326349    0.19824832 -0.00000000

     Dynamical  Matrix in cartesian axes

     q = (    0.248625883  -0.124312941   0.785641413 ) 

    1    1
  0.02914317  0.00000000    0.00003236 -0.00452792   -0.01337384 -0.00453086
  0.00003236  0.00452792    0.02793734  0.00000000   -0.01141530  0.00326349
 -0.01337384  0.00453086   -0.01141530 -0.00326349    0.19824832 -0.00000000
    1    2
  0.01029161  0.03896783    0.00219835 -0.00171154   -0.00360903 -0.00355770
  0.00219835 -0.00171154    0.04948917  0.01912992   -0.01305842 -0.00759253
 -0.00360903 -0.00355770   -0.01305842 -0.00759253   -0.00116092  0.02179309
    2    1
  0.01029161 -0.03896783    0.00219835  0.00171154   -0.00360903  0.00355770
  0.00219835  0.00171154    0.04948917 -0.01912992   -0.01305842  0.00759253
 -0.00360903  0.00355770   -0.01305842  0.00759253   -0.00116092 -0.02179309
    2    2
  0.02914317  0.00000000    0.00003236  0.00452792   -0.01337384  0.00453086
  0.00003236 -0.00452792    0.02793734  0.00000000   -0.01141530 -0.00326349
 -0.01337384 -0.00453086   -0.01141530  0.00326349    0.19824832  0.00000000

     Dynamical  Matrix in cartesian axes

     q = (    0.248625883   0.124312941   0.785641413 ) 

    1    1
  0.02914317 -0.00000000   -0.00003236  0.00452792   -0.01337384 -0.00453086
 -0.00003236 -0.00452792    0.02793734  0.00000000    0.01141530 -0.00326349
 -0.01337384  0.00453086    0.01141530  0.00326349    0.19824832 -0.00000000
    1    2
 -0.03889294 -0.01057112   -0.00038306 -0.00275959    0.00488558 -0.00134666
 -0.00038306 -0.00275959   -0.04131158  0.03329392   -0.01310453  0.00751266
  0.00488558 -0.00134666   -0.01310453  0.00751266   -0.01829291 -0.01190194
    2    1
 -0.03889294  0.01057112   -0.00038306  0.00275959    0.00488558  0.00134666
 -0.00038306  0.00275959   -0.04131158 -0.03329392   -0.01310453 -0.00751266
  0.00488558  0.00134666   -0.01310453 -0.00751266   -0.01829291  0.01190194
    2    2
  0.02914317  0.00000000   -0.00003236 -0.00452792   -0.01337384  0.00453086
 -0.00003236  0.00452792    0.02793734 -0.00000000    0.01141530  0.00326349
 -0.01337384 -0.00453086    0.01141530 -0.00326349    0.19824832  0.00000000

     Dynamical  Matrix in cartesian axes

     q = (    0.248625883  -0.124312941  -0.785641413 ) 

    1    1
  0.02914317  0.00000000    0.00003236  0.00452792    0.01337384 -0.00453086
  0.00003236 -0.00452792    0.02793734  0.00000000    0.01141530  0.00326349
  0.01337384  0.00453086    0.01141530 -0.00326349    0.19824832 -0.00000000
    1    2
  0.02860133  0.02839671   -0.00258141  0.00104806    0.00127655  0.00490436
 -0.00258141  0.00104806   -0.00817759  0.05242383    0.00004611  0.01510519
  0.00127655  0.00490436    0.00004611  0.01510519    0.01945383  0.00989116
    2    1
  0.02860133 -0.02839671   -0.00258141 -0.00104806    0.00127655 -0.00490436
 -0.00258141 -0.00104806   -0.00817759 -0.05242383    0.00004611 -0.01510519
  0.00127655 -0.00490436    0.00004611 -0.01510519    0.01945383 -0.00989116
    2    2
  0.02914317 -0.00000000    0.00003236 -0.00452792    0.01337384  0.00453086
  0.00003236  0.00452792    0.02793734 -0.00000000    0.01141530 -0.00326349
  0.01337384 -0.00453086    0.01141530  0.00326349    0.19824832  0.00000000

     Dynamical  Matrix in cartesian axes

     q = (   -0.124312941   0.248625883  -0.785641413 ) 

    1    1
  0.02793734 -0.00000000    0.00003236  0.00452792    0.01141530 -0.00326349
  0.00003236 -0.00452792    0.02914317 -0.00000000    0.01337384  0.00453086
  0.01141530  0.00326349    0.01337384 -0.00453086    0.19824832 -0.00000000
    1    2
  0.04948917  0.01912992    0.00219835 -0.00171154    0.01305842  0.00759253
  0.00219835 -0.00171154    0.01029161  0.03896783    0.00360903  0.00355770
  0.01305842  0.00759253    0.00360903  0.00355770   -0.00116092  0.02179309
    2    1
  0.04948917 -0.01912992    0.00219835  0.00171154    0.01305842 -0.00759253
  0.00219835  0.00171154    0.01029161 -0.03896783    0.00360903 -0.00355770
  0.01305842 -0.00759253    0.00360903 -0.00355770   -0.00116092 -0.02179309
    2    2
  0.02793734  0.00000000    0.00003236 -0.00452792    0.01141530  0.00326349
  0.00003236  0.00452792    0.02914317  0.00000000    0.01337384 -0.00453086
  0.01141530 -0.00326349    0.01337384  0.00453086    0.19824832  0.00000000

     Dynamical  Matrix in cartesian axes

     q = (    0.124312941  -0.248625883  -0.785641413 ) 

    1    1
  0.02793734  0.00000000    0.00003236  0.00452792   -0.01141530  0.00326349
  0.00003236 -0.00452792    0.02914317  0.00000000   -0.01337384 -0.00453086
 -0.01141530 -0.00326349   -0.01337384  0.00453086    0.19824832  0.00000000
    1    2
  0.00817759  0.05242383    0.00258141  0.00104806    0.00004611 -0.01510519
  0.00258141  0.00104806   -0.02860133  0.02839671    0.00127655 -0.00490436
  0.00004611 -0.01510519    0.00127655 -0.00490436   -0.01945383  0.00989116
    2    1
  0.00817759 -0.05242383    0.00258141 -0.00104806    0.00004611  0.01510519
  0.00258141 -0.00104806   -0.02860133 -0.02839671    0.00127655  0.00490436
  0.00004611  0.01510519    0.00127655  0.00490436   -0.01945383 -0.00989116
    2    2
  0.02793734  0.00000000    0.00003236 -0.00452792   -0.01141530 -0.00326349
  0.00003236  0.00452792    0.02914317  0.00000000   -0.01337384  0.00453086
 -0.01141530  0.00326349   -0.01337384 -0.00453086    0.19824832 -0.00000000

     Dynamical  Matrix in cartesian axes

     q = (   -0.124312941   0.248625883   0.785641413 ) 

    1    1
  0.02793734  0.00000000    0.00003236 -0.00452792   -0.01141530 -0.00326349
  0.00003236  0.00452792    0.02914317  0.00000000   -0.01337384  0.00453086
 -0.01141530  0.00326349   -0.01337384 -0.00453086    0.19824832 -0.00000000
    1    2
  0.00817759 -0.05242383    0.00258141 -0.00104806    0.00004611  0.01510519
  0.00258141 -0.00104806   -0.02860133 -0.02839671    0.00127655  0.00490436
  0.00004611  0.01510519    0.00127655  0.00490436   -0.01945383 -0.00989116
    2    1
  0.00817759  0.05242383    0.00258141  0.00104806    0.00004611 -0.01510519
  0.00258141  0.00104806   -0.02860133  0.02839671    0.00127655 -0.00490436
  0.00004611 -0.01510519    0.00127655 -0.00490436   -0.01945383  0.00989116
    2    2
  0.02793734  0.00000000    0.00003236  0.00452792   -0.01141530  0.00326349
  0.00003236 -0.00452792    0.02914317  0.00000000   -0.01337384 -0.00453086
 -0.01141530 -0.00326349   -0.01337384  0.00453086    0.19824832  0.00000000

     Dynamical  Matrix in cartesian axes

     q = (   -0.248625883   0.124312941   0.785641413 ) 

    1    1
  0.02914317 -0.00000000    0.00003236 -0.00452792    0.01337384  0.00453086
  0.00003236  0.00452792    0.02793734 -0.00000000    0.01141530 -0.00326349
  0.01337384 -0.00453086    0.01141530  0.00326349    0.19824832  0.00000000
    1    2
  0.02860133 -0.02839671   -0.00258141 -0.00104806    0.00127655 -0.00490436
 -0.00258141 -0.00104806   -0.00817759 -0.05242383    0.00004611 -0.01510519
  0.00127655 -0.00490436    0.00004611 -0.01510519    0.01945383 -0.00989116
    2    1
  0.02860133  0.02839671   -0.00258141  0.00104806    0.00127655  0.00490436
 -0.00258141  0.00104806   -0.00817759  0.05242383    0.00004611  0.01510519
  0.00127655  0.00490436    0.00004611  0.01510519    0.01945383  0.00989116
    2    2
  0.02914317  0.00000000    0.00003236  0.00452792    0.01337384 -0.00453086
  0.00003236 -0.00452792    0.02793734  0.00000000    0.01141530  0.00326349
  0.01337384  0.00453086    0.01141530 -0.00326349    0.19824832 -0.00000000

     Dynamical  Matrix in cartesian axes

     q = (   -0.124312941  -0.248625883  -0.785641413 ) 

    1    1
  0.02793734  0.00000000   -0.00003236 -0.00452792    0.01141530 -0.00326349
 -0.00003236  0.00452792    0.02914317 -0.00000000   -0.01337384 -0.00453086
  0.01141530  0.00326349   -0.01337384  0.00453086    0.19824832 -0.00000000
    1    2
 -0.04131158  0.03329392   -0.00038306 -0.00275959   -0.01310453  0.00751266
 -0.00038306 -0.00275959   -0.03889294 -0.01057112    0.00488558 -0.00134666
 -0.01310453  0.00751266    0.00488558 -0.00134666   -0.01829291 -0.01190194
    2    1
 -0.04131158 -0.03329392   -0.00038306  0.00275959   -0.01310453 -0.00751266
 -0.00038306  0.00275959   -0.03889294  0.01057112    0.00488558  0.00134666
 -0.01310453 -0.00751266    0.00488558  0.00134666   -0.01829291  0.01190194
    2    2
  0.02793734 -0.00000000   -0.00003236  0.00452792    0.01141530  0.00326349
 -0.00003236 -0.00452792    0.02914317  0.00000000   -0.01337384  0.00453086
  0.01141530 -0.00326349   -0.01337384 -0.00453086    0.19824832  0.00000000

     Dynamical  Matrix in cartesian axes

     q = (    0.124312941  -0.248625883   0.785641413 ) 

    1    1
  0.02793734  0.00000000    0.00003236 -0.00452792    0.01141530  0.00326349
  0.00003236  0.00452792    0.02914317  0.00000000    0.01337384 -0.00453086
  0.01141530 -0.00326349    0.01337384  0.00453086    0.19824832  0.00000000
    1    2
  0.04948917 -0.01912992    0.00219835  0.00171154    0.01305842 -0.00759253
  0.00219835  0.00171154    0.01029161 -0.03896783    0.00360903 -0.00355770
  0.01305842 -0.00759253    0.00360903 -0.00355770   -0.00116092 -0.02179309
    2    1
  0.04948917  0.01912992    0.00219835 -0.00171154    0.01305842  0.00759253
  0.00219835 -0.00171154    0.01029161  0.03896783    0.00360903  0.00355770
  0.01305842  0.00759253    0.00360903  0.00355770   -0.00116092  0.02179309
    2    2
  0.02793734 -0.00000000    0.00003236  0.00452792    0.01141530 -0.00326349
  0.00003236 -0.00452792    0.02914317 -0.00000000    0.01337384  0.00453086
  0.01141530  0.00326349    0.01337384 -0.00453086    0.19824832 -0.00000000

     Dynamical  Matrix in cartesian axes

     q = (    0.248625883   0.124312941  -0.785641413 ) 

    1    1
  0.02914317  0.00000000   -0.00003236 -0.00452792    0.01337384 -0.00453086
 -0.00003236  0.00452792    0.02793734  0.00000000   -0.01141530 -0.00326349
  0.01337384  0.00453086   -0.01141530  0.00326349    0.19824832  0.00000000
    1    2
 -0.03889294  0.01057112   -0.00038306  0.00275959   -0.00488558 -0.00134666
 -0.00038306  0.00275959   -0.04131158 -0.03329392    0.01310453  0.00751266
 -0.00488558 -0.00134666    0.01310453  0.00751266   -0.01829291  0.01190194
    2    1
 -0.03889294 -0.01057112   -0.00038306 -0.00275959   -0.00488558  0.00134666
 -0.00038306 -0.00275959   -0.04131158  0.03329392    0.01310453 -0.00751266
 -0.00488558  0.00134666    0.01310453 -0.00751266   -0.01829291 -0.01190194
    2    2
  0.02914317 -0.00000000   -0.00003236  0.00452792    0.01337384  0.00453086
 -0.00003236 -0.00452792    0.02793734 -0.00000000   -0.01141530  0.00326349
  0.01337384 -0.00453086   -0.01141530 -0.00326349    0.19824832 -0.00000000

     Dynamical  Matrix in cartesian axes

     q = (    0.124312941   0.248625883  -0.785641413 ) 

    1    1
  0.02793734 -0.00000000   -0.00003236 -0.00452792   -0.01141530  0.00326349
 -0.00003236  0.00452792    0.02914317 -0.00000000    0.01337384  0.00453086
 -0.01141530 -0.00326349    0.01337384 -0.00453086    0.19824832 -0.00000000
    1    2
  0.04131158 -0.03329392    0.00038306  0.00275959   -0.01310453  0.00751266
  0.00038306  0.00275959    0.03889294  0.01057112    0.00488558 -0.00134666
 -0.01310453  0.00751266    0.00488558 -0.00134666    0.01829291  0.01190194
    2    1
  0.04131158  0.03329392    0.00038306 -0.00275959   -0.01310453 -0.00751266
  0.00038306 -0.00275959    0.03889294 -0.01057112    0.00488558  0.00134666
 -0.01310453 -0.00751266    0.00488558  0.00134666    0.01829291 -0.01190194
    2    2
  0.02793734  0.00000000   -0.00003236  0.00452792   -0.01141530 -0.00326349
 -0.00003236 -0.00452792    0.02914317  0.00000000    0.01337384 -0.00453086
 -0.01141530  0.00326349    0.01337384  0.00453086    0.19824832  0.00000000

     Dynamical  Matrix in cartesian axes

     q = (   -0.248625883  -0.124312941   0.785641413 ) 

    1    1
  0.02914317 -0.00000000   -0.00003236  0.00452792    0.01337384  0.00453086
 -0.00003236 -0.00452792    0.02793734 -0.00000000   -0.01141530  0.00326349
  0.01337384 -0.00453086   -0.01141530 -0.00326349    0.19824832 -0.00000000
    1    2
 -0.03889294 -0.01057112   -0.00038306 -0.00275959   -0.00488558  0.00134666
 -0.00038306 -0.00275959   -0.04131158  0.03329392    0.01310453 -0.00751266
 -0.00488558  0.00134666    0.01310453 -0.00751266   -0.01829291 -0.01190194
    2    1
 -0.03889294  0.01057112   -0.00038306  0.00275959   -0.00488558 -0.00134666
 -0.00038306  0.00275959   -0.04131158 -0.03329392    0.01310453  0.00751266
 -0.00488558 -0.00134666    0.01310453  0.00751266   -0.01829291  0.01190194
    2    2
  0.02914317  0.00000000   -0.00003236 -0.00452792    0.01337384 -0.00453086
 -0.00003236  0.00452792    0.02793734  0.00000000   -0.01141530 -0.00326349
  0.01337384  0.00453086   -0.01141530  0.00326349    0.19824832  0.00000000

     Dynamical  Matrix in cartesian axes

     q = (   -0.124312941  -0.248625883   0.785641413 ) 

    1    1
  0.02793734  0.00000000   -0.00003236  0.00452792   -0.01141530 -0.00326349
 -0.00003236 -0.00452792    0.02914317  0.00000000    0.01337384 -0.00453086
 -0.01141530  0.00326349    0.01337384  0.00453086    0.19824832  0.00000000
    1    2
  0.04131158  0.03329392    0.00038306 -0.00275959   -0.01310453 -0.00751266
  0.00038306 -0.00275959    0.03889294 -0.01057112    0.00488558  0.00134666
 -0.01310453 -0.00751266    0.00488558  0.00134666    0.01829291 -0.01190194
    2    1
  0.04131158 -0.03329392    0.00038306  0.00275959   -0.01310453  0.00751266
  0.00038306  0.00275959    0.03889294  0.01057112    0.00488558 -0.00134666
 -0.01310453  0.00751266    0.00488558 -0.00134666    0.01829291  0.01190194
    2    2
  0.02793734 -0.00000000   -0.00003236 -0.00452792   -0.01141530  0.00326349
 -0.00003236  0.00452792    0.02914317 -0.00000000    0.01337384  0.00453086
 -0.01141530 -0.00326349    0.01337384 -0.00453086    0.19824832 -0.00000000

     Dynamical  Matrix in cartesian axes

     q = (    0.124312941   0.248625883   0.785641413 ) 

    1    1
  0.02793734 -0.00000000   -0.00003236  0.00452792    0.01141530  0.00326349
 -0.00003236 -0.00452792    0.02914317  0.00000000   -0.01337384  0.00453086
  0.01141530 -0.00326349   -0.01337384 -0.00453086    0.19824832  0.00000000
    1    2
 -0.04131158 -0.03329392   -0.00038306  0.00275959   -0.01310453 -0.00751266
 -0.00038306  0.00275959   -0.03889294  0.01057112    0.00488558  0.00134666
 -0.01310453 -0.00751266    0.00488558  0.00134666   -0.01829291  0.01190194
    2    1
 -0.04131158  0.03329392   -0.00038306 -0.00275959   -0.01310453  0.00751266
 -0.00038306 -0.00275959   -0.03889294 -0.01057112    0.00488558 -0.00134666
 -0.01310453  0.00751266    0.00488558 -0.00134666   -0.01829291 -0.01190194
    2    2
  0.02793734  0.00000000   -0.00003236 -0.00452792    0.01141530 -0.00326349
 -0.00003236  0.00452792    0.02914317 -0.00000000   -0.01337384 -0.00453086
  0.01141530  0.00326349   -0.01337384  0.00453086    0.19824832 -0.00000000

     Diagonalizing the dynamical matrix

     q = (   -0.248625883   0.124312941  -0.785641413 ) 

 **************************************************************************
     freq (    1) =      -2.042349 [THz] =     -68.125444 [cm-1]
 ( -0.096979  0.046839 -0.693534 -0.085780  0.006050  0.004132 ) 
 (  0.053668  0.093373  0.621092  0.320301 -0.007326  0.000000 ) 
     freq (    2) =      -1.387926 [THz] =     -46.296234 [cm-1]
 (  0.405930 -0.565573 -0.070657  0.095751  0.028594 -0.019214 ) 
 ( -0.652371 -0.243033  0.112050  0.040067 -0.034450  0.000000 ) 
     freq (    3) =       3.246261 [THz] =     108.283605 [cm-1]
 (  0.448625 -0.446522  0.262280 -0.105501  0.132321 -0.043864 ) 
 (  0.566339  0.282677  0.282155  0.017613  0.139402  0.000000 ) 
     freq (    4) =       3.587595 [THz] =     119.669290 [cm-1]
 (  0.143991 -0.269978 -0.567670  0.276977 -0.073654  0.044596 ) 
 (  0.263004  0.156366 -0.629052  0.057085 -0.086103  0.000000 ) 
     freq (    5) =       5.404071 [THz] =     180.260397 [cm-1]
 ( -0.045825 -0.044190 -0.057478 -0.032270 -0.075422  0.697075 ) 
 ( -0.039004 -0.050313 -0.025900 -0.060615  0.701144  0.000000 ) 
     freq (    6) =       6.079710 [THz] =     202.797303 [cm-1]
 ( -0.006836  0.073361 -0.075977  0.092132  0.042022 -0.691769 ) 
 ( -0.073641  0.002375 -0.096569  0.070251  0.693044  0.000000 ) 
 **************************************************************************
