Dynamical matrix file
BETA-TIN PHONONS                                                           
  1    2  0 10.5638179  1.0000000  0.4746934  0.0000000  0.0000000  0.0000000
Basis vectors
     -0.670351232    0.670351232    0.318211331
      0.670351232   -0.670351232    0.318211331
      0.670351232    0.670351232   -0.318211331
           1  'Ge  '    66207.3097484883     
    1    1     -0.0000000000      1.0055268480      0.0795528329
    2    1      0.6703512320     -0.3351756160      0.2386584986

     Dynamical  Matrix in cartesian axes

     q = (    0.248625883   0.124312941   0.261880471 ) 

    1    1
 -0.06814982  0.00000000    0.01082807  0.00190810    0.01461973 -0.02031801
  0.01082807 -0.00190810   -0.00199106  0.00000000   -0.01023432  0.01758740
  0.01461973  0.02031801   -0.01023432 -0.01758740    0.05490971  0.00000000
    1    2
 -0.00175003 -0.06061236   -0.00349461  0.00786267   -0.00531291 -0.00067172
 -0.00349461  0.00786267   -0.03761978 -0.01816208    0.02161866 -0.01338034
 -0.00531291 -0.00067172    0.02161866 -0.01338034    0.00124446  0.00160961
    2    1
 -0.00175003  0.06061236   -0.00349461 -0.00786267   -0.00531291  0.00067172
 -0.00349461 -0.00786267   -0.03761978  0.01816208    0.02161866  0.01338034
 -0.00531291  0.00067172    0.02161866  0.01338034    0.00124446 -0.00160961
    2    2
 -0.06814982  0.00000000    0.01082807 -0.00190810    0.01461973  0.02031801
  0.01082807  0.00190810   -0.00199106  0.00000000   -0.01023432 -0.01758740
  0.01461973 -0.02031801   -0.01023432  0.01758740    0.05490971  0.00000000

     Dynamical  Matrix in cartesian axes

     q = (    0.248625883  -0.124312941   0.261880471 ) 

    1    1
 -0.06814982  0.00000000   -0.01082807 -0.00190810    0.01461973 -0.02031801
 -0.01082807  0.00190810   -0.00199106  0.00000000    0.01023432 -0.01758740
  0.01461973  0.02031801    0.01023432  0.01758740    0.05490971  0.00000000
    1    2
 -0.05161683  0.03182175   -0.00855658  0.00090492    0.00207473  0.00493698
 -0.00855658  0.00090492    0.00308107  0.04166072    0.02239705  0.01203214
  0.00207473  0.00493698    0.02239705  0.01203214    0.00077174 -0.00188254
    2    1
 -0.05161683 -0.03182175   -0.00855658 -0.00090492    0.00207473 -0.00493698
 -0.00855658 -0.00090492    0.00308107 -0.04166072    0.02239705 -0.01203214
  0.00207473 -0.00493698    0.02239705 -0.01203214    0.00077174  0.00188254
    2    2
 -0.06814982  0.00000000   -0.01082807  0.00190810    0.01461973  0.02031801
 -0.01082807 -0.00190810   -0.00199106  0.00000000    0.01023432  0.01758740
  0.01461973 -0.02031801    0.01023432 -0.01758740    0.05490971  0.00000000

     Dynamical  Matrix in cartesian axes

     q = (    0.124312941   0.248625883   0.261880471 ) 

    1    1
 -0.00199106  0.00000000    0.01082807  0.00190810   -0.01023432 -0.01758740
  0.01082807 -0.00190810   -0.06814982  0.00000000    0.01461973  0.02031801
 -0.01023432  0.01758740    0.01461973 -0.02031801    0.05490971  0.00000000
    1    2
 -0.03453871 -0.02349864    0.00506197 -0.00695775   -0.00077839  0.02541248
  0.00506197 -0.00695775   -0.05336686  0.02879061   -0.00323818 -0.00426526
 -0.00077839  0.02541248   -0.00323818 -0.00426526    0.00201620  0.00027293
    2    1
 -0.03453871  0.02349864    0.00506197  0.00695775   -0.00077839 -0.02541248
  0.00506197  0.00695775   -0.05336686 -0.02879061   -0.00323818  0.00426526
 -0.00077839 -0.02541248   -0.00323818  0.00426526    0.00201620 -0.00027293
    2    2
 -0.00199106  0.00000000    0.01082807 -0.00190810   -0.01023432  0.01758740
  0.01082807  0.00190810   -0.06814982  0.00000000    0.01461973 -0.02031801
 -0.01023432 -0.01758740    0.01461973  0.02031801    0.05490971  0.00000000

     Dynamical  Matrix in cartesian axes

     q = (    0.124312941   0.248625883  -0.261880471 ) 

    1    1
 -0.00199106  0.00000000    0.01082807 -0.00190810    0.01023432 -0.01758740
  0.01082807  0.00190810   -0.06814982  0.00000000   -0.01461973  0.02031801
  0.01023432  0.01758740   -0.01461973 -0.02031801    0.05490971  0.00000000
    1    2
  0.03453871 -0.02349864   -0.00506197 -0.00695775   -0.00077839 -0.02541248
 -0.00506197 -0.00695775    0.05336686  0.02879061   -0.00323818  0.00426526
 -0.00077839 -0.02541248   -0.00323818  0.00426526   -0.00201620  0.00027293
    2    1
  0.03453871  0.02349864   -0.00506197  0.00695775   -0.00077839  0.02541248
 -0.00506197  0.00695775    0.05336686 -0.02879061   -0.00323818 -0.00426526
 -0.00077839  0.02541248   -0.00323818 -0.00426526   -0.00201620 -0.00027293
    2    2
 -0.00199106  0.00000000    0.01082807  0.00190810    0.01023432  0.01758740
  0.01082807 -0.00190810   -0.06814982  0.00000000   -0.01461973 -0.02031801
  0.01023432 -0.01758740   -0.01461973  0.02031801    0.05490971  0.00000000

     Dynamical  Matrix in cartesian axes

     q = (   -0.248625883  -0.124312941   0.261880471 ) 

    1    1
 -0.06814982  0.00000000    0.01082807  0.00190810   -0.01461973  0.02031801
  0.01082807 -0.00190810   -0.00199106  0.00000000    0.01023432 -0.01758740
 -0.01461973 -0.02031801    0.01023432  0.01758740    0.05490971  0.00000000
    1    2
 -0.00175003 -0.06061236   -0.00349461  0.00786267    0.00531291  0.00067172
 -0.00349461  0.00786267   -0.03761978 -0.01816208   -0.02161866  0.01338034
  0.00531291  0.00067172   -0.02161866  0.01338034    0.00124446  0.00160961
    2    1
 -0.00175003  0.06061236   -0.00349461 -0.00786267    0.00531291 -0.00067172
 -0.00349461 -0.00786267   -0.03761978  0.01816208   -0.02161866 -0.01338034
  0.00531291 -0.00067172   -0.02161866 -0.01338034    0.00124446 -0.00160961
    2    2
 -0.06814982  0.00000000    0.01082807 -0.00190810   -0.01461973 -0.02031801
  0.01082807  0.00190810   -0.00199106  0.00000000    0.01023432  0.01758740
 -0.01461973  0.02031801    0.01023432 -0.01758740    0.05490971  0.00000000

     Dynamical  Matrix in cartesian axes

     q = (   -0.124312941  -0.248625883   0.261880471 ) 

    1    1
 -0.00199106  0.00000000    0.01082807  0.00190810    0.01023432  0.01758740
  0.01082807 -0.00190810   -0.06814982  0.00000000   -0.01461973 -0.02031801
  0.01023432 -0.01758740   -0.01461973  0.02031801    0.05490971  0.00000000
    1    2
  0.03453871  0.02349864   -0.00506197  0.00695775   -0.00077839  0.02541248
 -0.00506197  0.00695775    0.05336686 -0.02879061   -0.00323818 -0.00426526
 -0.00077839  0.02541248   -0.00323818 -0.00426526   -0.00201620 -0.00027293
    2    1
  0.03453871 -0.02349864   -0.00506197 -0.00695775   -0.00077839 -0.02541248
 -0.00506197 -0.00695775    0.05336686  0.02879061   -0.00323818  0.00426526
 -0.00077839 -0.02541248   -0.00323818  0.00426526   -0.00201620  0.00027293
    2    2
 -0.00199106  0.00000000    0.01082807 -0.00190810    0.01023432 -0.01758740
  0.01082807  0.00190810   -0.06814982  0.00000000   -0.01461973  0.02031801
  0.01023432  0.01758740   -0.01461973 -0.02031801    0.05490971  0.00000000

     Dynamical  Matrix in cartesian axes

     q = (   -0.248625883  -0.124312941  -0.261880471 ) 

    1    1
 -0.06814982  0.00000000    0.01082807 -0.00190810    0.01461973  0.02031801
  0.01082807  0.00190810   -0.00199106  0.00000000   -0.01023432 -0.01758740
  0.01461973 -0.02031801   -0.01023432  0.01758740    0.05490971  0.00000000
    1    2
 -0.00175003  0.06061236   -0.00349461 -0.00786267   -0.00531291  0.00067172
 -0.00349461 -0.00786267   -0.03761978  0.01816208    0.02161866  0.01338034
 -0.00531291  0.00067172    0.02161866  0.01338034    0.00124446 -0.00160961
    2    1
 -0.00175003 -0.06061236   -0.00349461  0.00786267   -0.00531291 -0.00067172
 -0.00349461  0.00786267   -0.03761978 -0.01816208    0.02161866 -0.01338034
 -0.00531291 -0.00067172    0.02161866 -0.01338034    0.00124446  0.00160961
    2    2
 -0.06814982  0.00000000    0.01082807  0.00190810    0.01461973 -0.02031801
  0.01082807 -0.00190810   -0.00199106  0.00000000   -0.01023432  0.01758740
  0.01461973  0.02031801   -0.01023432 -0.01758740    0.05490971  0.00000000

     Dynamical  Matrix in cartesian axes

     q = (   -0.124312941  -0.248625883  -0.261880471 ) 

    1    1
 -0.00199106  0.00000000    0.01082807 -0.00190810   -0.01023432  0.01758740
  0.01082807  0.00190810   -0.06814982  0.00000000    0.01461973 -0.02031801
 -0.01023432 -0.01758740    0.01461973  0.02031801    0.05490971  0.00000000
    1    2
 -0.03453871  0.02349864    0.00506197  0.00695775   -0.00077839 -0.02541248
  0.00506197  0.00695775   -0.05336686 -0.02879061   -0.00323818  0.00426526
 -0.00077839 -0.02541248   -0.00323818  0.00426526    0.00201620 -0.00027293
    2    1
 -0.03453871 -0.02349864    0.00506197 -0.00695775   -0.00077839  0.02541248
  0.00506197 -0.00695775   -0.05336686  0.02879061   -0.00323818 -0.00426526
 -0.00077839  0.02541248   -0.00323818 -0.00426526    0.00201620  0.00027293
    2    2
 -0.00199106  0.00000000    0.01082807  0.00190810   -0.01023432 -0.01758740
  0.01082807 -0.00190810   -0.06814982  0.00000000    0.01461973  0.02031801
 -0.01023432  0.01758740    0.01461973 -0.02031801    0.05490971  0.00000000

     Dynamical  Matrix in cartesian axes

     q = (    0.248625883   0.124312941  -0.261880471 ) 

    1    1
 -0.06814982  0.00000000    0.01082807 -0.00190810   -0.01461973 -0.02031801
  0.01082807  0.00190810   -0.00199106  0.00000000    0.01023432  0.01758740
 -0.01461973  0.02031801    0.01023432 -0.01758740    0.05490971  0.00000000
    1    2
 -0.00175003  0.06061236   -0.00349461 -0.00786267    0.00531291 -0.00067172
 -0.00349461 -0.00786267   -0.03761978  0.01816208   -0.02161866 -0.01338034
  0.00531291 -0.00067172   -0.02161866 -0.01338034    0.00124446 -0.00160961
    2    1
 -0.00175003 -0.06061236   -0.00349461  0.00786267    0.00531291  0.00067172
 -0.00349461  0.00786267   -0.03761978 -0.01816208   -0.02161866  0.01338034
  0.00531291  0.00067172   -0.02161866  0.01338034    0.00124446  0.00160961
    2    2
 -0.06814982  0.00000000    0.01082807  0.00190810   -0.01461973  0.02031801
  0.01082807 -0.00190810   -0.00199106  0.00000000    0.01023432 -0.01758740
 -0.01461973 -0.02031801    0.01023432  0.01758740    0.05490971  0.00000000

     Dynamical  Matrix in cartesian axes

     q = (   -0.124312941   0.248625883   0.261880471 ) 

    1    1
 -0.00199106  0.00000000   -0.01082807 -0.00190810    0.01023432  0.01758740
 -0.01082807  0.00190810   -0.06814982  0.00000000    0.01461973  0.02031801
  0.01023432 -0.01758740    0.01461973 -0.02031801    0.05490971  0.00000000
    1    2
  0.00308107 -0.04166072   -0.00855658 -0.00090492    0.02239705 -0.01203214
 -0.00855658 -0.00090492   -0.05161683 -0.03182175    0.00207473 -0.00493698
  0.02239705 -0.01203214    0.00207473 -0.00493698    0.00077174  0.00188254
    2    1
  0.00308107  0.04166072   -0.00855658  0.00090492    0.02239705  0.01203214
 -0.00855658  0.00090492   -0.05161683  0.03182175    0.00207473  0.00493698
  0.02239705  0.01203214    0.00207473  0.00493698    0.00077174 -0.00188254
    2    2
 -0.00199106  0.00000000   -0.01082807  0.00190810    0.01023432 -0.01758740
 -0.01082807 -0.00190810   -0.06814982  0.00000000    0.01461973 -0.02031801
  0.01023432  0.01758740    0.01461973  0.02031801    0.05490971  0.00000000

     Dynamical  Matrix in cartesian axes

     q = (   -0.248625883   0.124312941  -0.261880471 ) 

    1    1
 -0.06814982  0.00000000   -0.01082807  0.00190810    0.01461973  0.02031801
 -0.01082807 -0.00190810   -0.00199106  0.00000000    0.01023432  0.01758740
  0.01461973 -0.02031801    0.01023432 -0.01758740    0.05490971  0.00000000
    1    2
 -0.05161683 -0.03182175   -0.00855658 -0.00090492    0.00207473 -0.00493698
 -0.00855658 -0.00090492    0.00308107 -0.04166072    0.02239705 -0.01203214
  0.00207473 -0.00493698    0.02239705 -0.01203214    0.00077174  0.00188254
    2    1
 -0.05161683  0.03182175   -0.00855658  0.00090492    0.00207473  0.00493698
 -0.00855658  0.00090492    0.00308107  0.04166072    0.02239705  0.01203214
  0.00207473  0.00493698    0.02239705  0.01203214    0.00077174 -0.00188254
    2    2
 -0.06814982  0.00000000   -0.01082807 -0.00190810    0.01461973 -0.02031801
 -0.01082807  0.00190810   -0.00199106  0.00000000    0.01023432 -0.01758740
  0.01461973  0.02031801    0.01023432  0.01758740    0.05490971  0.00000000

     Dynamical  Matrix in cartesian axes

     q = (   -0.248625883   0.124312941   0.261880471 ) 

    1    1
 -0.06814982  0.00000000   -0.01082807 -0.00190810   -0.01461973  0.02031801
 -0.01082807  0.00190810   -0.00199106  0.00000000   -0.01023432  0.01758740
 -0.01461973 -0.02031801   -0.01023432 -0.01758740    0.05490971  0.00000000
    1    2
  0.05336686  0.02879061    0.00506197  0.00695775   -0.00323818  0.00426526
  0.00506197  0.00695775    0.03453871 -0.02349864    0.00077839  0.02541248
 -0.00323818  0.00426526    0.00077839  0.02541248   -0.00201620  0.00027293
    2    1
  0.05336686 -0.02879061    0.00506197 -0.00695775   -0.00323818 -0.00426526
  0.00506197 -0.00695775    0.03453871  0.02349864    0.00077839 -0.02541248
 -0.00323818 -0.00426526    0.00077839 -0.02541248   -0.00201620 -0.00027293
    2    2
 -0.06814982  0.00000000   -0.01082807  0.00190810   -0.01461973 -0.02031801
 -0.01082807 -0.00190810   -0.00199106  0.00000000   -0.01023432 -0.01758740
 -0.01461973  0.02031801   -0.01023432  0.01758740    0.05490971  0.00000000

     Dynamical  Matrix in cartesian axes

     q = (    0.124312941  -0.248625883   0.261880471 ) 

    1    1
 -0.00199106  0.00000000   -0.01082807 -0.00190810   -0.01023432 -0.01758740
 -0.01082807  0.00190810   -0.06814982  0.00000000   -0.01461973 -0.02031801
 -0.01023432  0.01758740   -0.01461973  0.02031801    0.05490971  0.00000000
    1    2
  0.03761978 -0.01816208   -0.00349461 -0.00786267   -0.02161866 -0.01338034
 -0.00349461 -0.00786267    0.00175003 -0.06061236   -0.00531291  0.00067172
 -0.02161866 -0.01338034   -0.00531291  0.00067172   -0.00124446  0.00160961
    2    1
  0.03761978  0.01816208   -0.00349461  0.00786267   -0.02161866  0.01338034
 -0.00349461  0.00786267    0.00175003  0.06061236   -0.00531291 -0.00067172
 -0.02161866  0.01338034   -0.00531291 -0.00067172   -0.00124446 -0.00160961
    2    2
 -0.00199106  0.00000000   -0.01082807  0.00190810   -0.01023432  0.01758740
 -0.01082807 -0.00190810   -0.06814982  0.00000000   -0.01461973  0.02031801
 -0.01023432 -0.01758740   -0.01461973 -0.02031801    0.05490971  0.00000000

     Dynamical  Matrix in cartesian axes

     q = (    0.248625883  -0.124312941  -0.261880471 ) 

    1    1
 -0.06814982  0.00000000   -0.01082807  0.00190810   -0.01461973 -0.02031801
 -0.01082807 -0.00190810   -0.00199106  0.00000000   -0.01023432 -0.01758740
 -0.01461973  0.02031801   -0.01023432  0.01758740    0.05490971  0.00000000
    1    2
  0.05336686 -0.02879061    0.00506197 -0.00695775   -0.00323818 -0.00426526
  0.00506197 -0.00695775    0.03453871  0.02349864    0.00077839 -0.02541248
 -0.00323818 -0.00426526    0.00077839 -0.02541248   -0.00201620 -0.00027293
    2    1
  0.05336686  0.02879061    0.00506197  0.00695775   -0.00323818  0.00426526
  0.00506197  0.00695775    0.03453871 -0.02349864    0.00077839  0.02541248
 -0.00323818  0.00426526    0.00077839  0.02541248   -0.00201620  0.00027293
    2    2
 -0.06814982  0.00000000   -0.01082807 -0.00190810   -0.01461973  0.02031801
 -0.01082807  0.00190810   -0.00199106  0.00000000   -0.01023432  0.01758740
 -0.01461973 -0.02031801   -0.01023432 -0.01758740    0.05490971  0.00000000

     Dynamical  Matrix in cartesian axes

     q = (   -0.124312941   0.248625883  -0.261880471 ) 

    1    1
 -0.00199106  0.00000000   -0.01082807  0.00190810   -0.01023432  0.01758740
 -0.01082807 -0.00190810   -0.06814982  0.00000000   -0.01461973  0.02031801
 -0.01023432 -0.01758740   -0.01461973 -0.02031801    0.05490971  0.00000000
    1    2
  0.03761978  0.01816208   -0.00349461  0.00786267   -0.02161866  0.01338034
 -0.00349461  0.00786267    0.00175003  0.06061236   -0.00531291 -0.00067172
 -0.02161866  0.01338034   -0.00531291 -0.00067172   -0.00124446 -0.00160961
    2    1
  0.03761978 -0.01816208   -0.00349461 -0.00786267   -0.02161866 -0.01338034
 -0.00349461 -0.00786267    0.00175003 -0.06061236   -0.00531291  0.00067172
 -0.02161866 -0.01338034   -0.00531291  0.00067172   -0.00124446  0.00160961
    2    2
 -0.00199106  0.00000000   -0.01082807 -0.00190810   -0.01023432 -0.01758740
 -0.01082807  0.00190810   -0.06814982  0.00000000   -0.01461973 -0.02031801
 -0.01023432  0.01758740   -0.01461973  0.02031801    0.05490971  0.00000000

     Dynamical  Matrix in cartesian axes

     q = (    0.124312941  -0.248625883  -0.261880471 ) 

    1    1
 -0.00199106  0.00000000   -0.01082807  0.00190810    0.01023432 -0.01758740
 -0.01082807 -0.00190810   -0.06814982  0.00000000    0.01461973 -0.02031801
  0.01023432  0.01758740    0.01461973  0.02031801    0.05490971  0.00000000
    1    2
  0.00308107  0.04166072   -0.00855658  0.00090492    0.02239705  0.01203214
 -0.00855658  0.00090492   -0.05161683  0.03182175    0.00207473  0.00493698
  0.02239705  0.01203214    0.00207473  0.00493698    0.00077174 -0.00188254
    2    1
  0.00308107 -0.04166072   -0.00855658 -0.00090492    0.02239705 -0.01203214
 -0.00855658 -0.00090492   -0.05161683 -0.03182175    0.00207473 -0.00493698
  0.02239705 -0.01203214    0.00207473 -0.00493698    0.00077174  0.00188254
    2    2
 -0.00199106  0.00000000   -0.01082807 -0.00190810    0.01023432  0.01758740
 -0.01082807  0.00190810   -0.06814982  0.00000000    0.01461973  0.02031801
  0.01023432 -0.01758740    0.01461973 -0.02031801    0.05490971  0.00000000

     Diagonalizing the dynamical matrix

     q = (    0.248625883   0.124312941   0.261880471 ) 

 **************************************************************************
     freq (    1) =      -4.777454 [THz] =    -159.358721 [cm-1]
 ( -0.590940  0.316549  0.133135 -0.112255  0.119441  0.077423 ) 
 (  0.323693  0.587057 -0.050658 -0.166613 -0.142340  0.000000 ) 
     freq (    2) =      -2.903208 [THz] =     -96.840608 [cm-1]
 ( -0.151708  0.162007 -0.402020  0.499921 -0.136406 -0.143494 ) 
 ( -0.012897  0.221574 -0.085350  0.635812  0.197983  0.000000 ) 
     freq (    3) =      -1.487342 [THz] =     -49.612389 [cm-1]
 ( -0.530623  0.406958  0.127524 -0.017378  0.182021  0.055938 ) 
 ( -0.387665 -0.544877  0.116793  0.054073  0.190422  0.000000 ) 
     freq (    4) =       2.199078 [THz] =      73.353333 [cm-1]
 (  0.083714 -0.045124  0.608694  0.138031  0.290911 -0.129485 ) 
 ( -0.094830 -0.007184 -0.499966  0.373623 -0.318426  0.000000 ) 
     freq (    5) =       3.228678 [THz] =     107.697096 [cm-1]
 ( -0.143824  0.147648 -0.065853  0.059672 -0.658346 -0.127272 ) 
 ( -0.113185 -0.172263 -0.053329 -0.071086 -0.670535  0.000000 ) 
     freq (    6) =       3.636595 [THz] =     121.303747 [cm-1]
 (  0.038392 -0.033858 -0.376751  0.046571  0.571137  0.164534 ) 
 ( -0.027519 -0.043162  0.349136  0.149044 -0.594365  0.000000 ) 
 **************************************************************************
