Dynamical matrix file
BETA-TIN PHONONS                                                           
  1    2  0 10.5638179  1.0000000  0.4746934  0.0000000  0.0000000  0.0000000
Basis vectors
     -0.670351232    0.670351232    0.318211331
      0.670351232   -0.670351232    0.318211331
      0.670351232    0.670351232   -0.318211331
           1  'Ge  '    66207.3097484883     
    1    1     -0.0000000000      1.0055268480      0.0795528329
    2    1      0.6703512320     -0.3351756160      0.2386584986

     Dynamical  Matrix in cartesian axes

     q = (    0.124312941  -0.124312941   0.523760942 ) 

    1    1
  0.06617595 -0.00000000   -0.00189863  0.01815490    0.01750230 -0.05129575
 -0.00189863 -0.01815490    0.06617595  0.00000000   -0.01750230 -0.05129575
  0.01750230  0.05129575   -0.01750230  0.05129575    0.31606258  0.00000000
    1    2
  0.04040722  0.06124011   -0.00147462 -0.00255412   -0.02202051  0.01716411
 -0.00147462 -0.00255412    0.03283188  0.06561374   -0.02587481  0.01048826
 -0.02202051  0.01716411   -0.02587481  0.01048826    0.05944969  0.10296989
    2    1
  0.04040722 -0.06124011   -0.00147462  0.00255412   -0.02202051 -0.01716411
 -0.00147462  0.00255412    0.03283188 -0.06561374   -0.02587481 -0.01048826
 -0.02202051 -0.01716411   -0.02587481 -0.01048826    0.05944969 -0.10296989
    2    2
  0.06617595  0.00000000   -0.00189863 -0.01815490    0.01750230  0.05129575
 -0.00189863  0.01815490    0.06617595 -0.00000000   -0.01750230  0.05129575
  0.01750230 -0.05129575   -0.01750230 -0.05129575    0.31606258  0.00000000

     Dynamical  Matrix in cartesian axes

     q = (   -0.124312941   0.124312941   0.523760942 ) 

    1    1
  0.06617595 -0.00000000   -0.00189863  0.01815490   -0.01750230  0.05129575
 -0.00189863 -0.01815490    0.06617595  0.00000000    0.01750230  0.05129575
 -0.01750230 -0.05129575    0.01750230 -0.05129575    0.31606258  0.00000000
    1    2
 -0.04040722 -0.06124011    0.00147462  0.00255412   -0.02202051  0.01716411
  0.00147462  0.00255412   -0.03283188 -0.06561374   -0.02587481  0.01048826
 -0.02202051  0.01716411   -0.02587481  0.01048826   -0.05944969 -0.10296989
    2    1
 -0.04040722  0.06124011    0.00147462 -0.00255412   -0.02202051 -0.01716411
  0.00147462 -0.00255412   -0.03283188  0.06561374   -0.02587481 -0.01048826
 -0.02202051 -0.01716411   -0.02587481 -0.01048826   -0.05944969  0.10296989
    2    2
  0.06617595  0.00000000   -0.00189863 -0.01815490   -0.01750230 -0.05129575
 -0.00189863  0.01815490    0.06617595 -0.00000000    0.01750230 -0.05129575
 -0.01750230  0.05129575    0.01750230  0.05129575    0.31606258  0.00000000

     Dynamical  Matrix in cartesian axes

     q = (   -0.124312941   0.124312941  -0.523760942 ) 

    1    1
  0.06617595  0.00000000   -0.00189863 -0.01815490    0.01750230  0.05129575
 -0.00189863  0.01815490    0.06617595 -0.00000000   -0.01750230  0.05129575
  0.01750230 -0.05129575   -0.01750230 -0.05129575    0.31606258  0.00000000
    1    2
  0.04040722 -0.06124011   -0.00147462  0.00255412   -0.02202051 -0.01716411
 -0.00147462  0.00255412    0.03283188 -0.06561374   -0.02587481 -0.01048826
 -0.02202051 -0.01716411   -0.02587481 -0.01048826    0.05944969 -0.10296989
    2    1
  0.04040722  0.06124011   -0.00147462 -0.00255412   -0.02202051  0.01716411
 -0.00147462 -0.00255412    0.03283188  0.06561374   -0.02587481  0.01048826
 -0.02202051  0.01716411   -0.02587481  0.01048826    0.05944969  0.10296989
    2    2
  0.06617595 -0.00000000   -0.00189863  0.01815490    0.01750230 -0.05129575
 -0.00189863 -0.01815490    0.06617595  0.00000000   -0.01750230 -0.05129575
  0.01750230  0.05129575   -0.01750230  0.05129575    0.31606258  0.00000000

     Dynamical  Matrix in cartesian axes

     q = (    0.124312941   0.124312941   0.523760942 ) 

    1    1
  0.06617595 -0.00000000    0.00189863 -0.01815490    0.01750230 -0.05129575
  0.00189863  0.01815490    0.06617595  0.00000000    0.01750230  0.05129575
  0.01750230  0.05129575    0.01750230 -0.05129575    0.31606258 -0.00000000
    1    2
 -0.07323910  0.00437363   -0.00294925 -0.00000000   -0.00385430 -0.02765237
 -0.00294925  0.00000000   -0.07323910 -0.00437363   -0.00385430  0.02765237
 -0.00385430 -0.02765237   -0.00385430  0.02765237   -0.11889939  0.00000000
    2    1
 -0.07323910 -0.00437363   -0.00294925  0.00000000   -0.00385430  0.02765237
 -0.00294925 -0.00000000   -0.07323910  0.00437363   -0.00385430 -0.02765237
 -0.00385430  0.02765237   -0.00385430 -0.02765237   -0.11889939 -0.00000000
    2    2
  0.06617595  0.00000000    0.00189863  0.01815490    0.01750230  0.05129575
  0.00189863 -0.01815490    0.06617595 -0.00000000    0.01750230 -0.05129575
  0.01750230 -0.05129575    0.01750230  0.05129575    0.31606258  0.00000000

     Dynamical  Matrix in cartesian axes

     q = (    0.124312941  -0.124312941  -0.523760942 ) 

    1    1
  0.06617595  0.00000000   -0.00189863 -0.01815490   -0.01750230 -0.05129575
 -0.00189863  0.01815490    0.06617595 -0.00000000    0.01750230 -0.05129575
 -0.01750230  0.05129575    0.01750230  0.05129575    0.31606258  0.00000000
    1    2
 -0.04040722  0.06124011    0.00147462 -0.00255412   -0.02202051 -0.01716411
  0.00147462 -0.00255412   -0.03283188  0.06561374   -0.02587481 -0.01048826
 -0.02202051 -0.01716411   -0.02587481 -0.01048826   -0.05944969  0.10296989
    2    1
 -0.04040722 -0.06124011    0.00147462  0.00255412   -0.02202051  0.01716411
  0.00147462  0.00255412   -0.03283188 -0.06561374   -0.02587481  0.01048826
 -0.02202051  0.01716411   -0.02587481  0.01048826   -0.05944969 -0.10296989
    2    2
  0.06617595 -0.00000000   -0.00189863  0.01815490   -0.01750230  0.05129575
 -0.00189863 -0.01815490    0.06617595  0.00000000    0.01750230  0.05129575
 -0.01750230 -0.05129575    0.01750230 -0.05129575    0.31606258  0.00000000

     Dynamical  Matrix in cartesian axes

     q = (   -0.124312941  -0.124312941  -0.523760942 ) 

    1    1
  0.06617595  0.00000000    0.00189863  0.01815490    0.01750230  0.05129575
  0.00189863 -0.01815490    0.06617595 -0.00000000    0.01750230 -0.05129575
  0.01750230 -0.05129575    0.01750230  0.05129575    0.31606258  0.00000000
    1    2
 -0.07323910 -0.00437363   -0.00294925  0.00000000   -0.00385430  0.02765237
 -0.00294925 -0.00000000   -0.07323910  0.00437363   -0.00385430 -0.02765237
 -0.00385430  0.02765237   -0.00385430 -0.02765237   -0.11889939 -0.00000000
    2    1
 -0.07323910  0.00437363   -0.00294925 -0.00000000   -0.00385430 -0.02765237
 -0.00294925  0.00000000   -0.07323910 -0.00437363   -0.00385430  0.02765237
 -0.00385430 -0.02765237   -0.00385430  0.02765237   -0.11889939  0.00000000
    2    2
  0.06617595 -0.00000000    0.00189863 -0.01815490    0.01750230 -0.05129575
  0.00189863  0.01815490    0.06617595  0.00000000    0.01750230  0.05129575
  0.01750230  0.05129575    0.01750230 -0.05129575    0.31606258 -0.00000000

     Dynamical  Matrix in cartesian axes

     q = (   -0.124312941  -0.124312941   0.523760942 ) 

    1    1
  0.06617595 -0.00000000    0.00189863 -0.01815490   -0.01750230  0.05129575
  0.00189863  0.01815490    0.06617595  0.00000000   -0.01750230 -0.05129575
 -0.01750230 -0.05129575   -0.01750230  0.05129575    0.31606258  0.00000000
    1    2
 -0.03283188  0.06561374   -0.00147462  0.00255412    0.02587481  0.01048826
 -0.00147462  0.00255412   -0.04040722  0.06124011   -0.02202051 -0.01716411
  0.02587481  0.01048826   -0.02202051 -0.01716411   -0.05944969  0.10296989
    2    1
 -0.03283188 -0.06561374   -0.00147462 -0.00255412    0.02587481 -0.01048826
 -0.00147462 -0.00255412   -0.04040722 -0.06124011   -0.02202051  0.01716411
  0.02587481 -0.01048826   -0.02202051  0.01716411   -0.05944969 -0.10296989
    2    2
  0.06617595  0.00000000    0.00189863  0.01815490   -0.01750230 -0.05129575
  0.00189863 -0.01815490    0.06617595 -0.00000000   -0.01750230  0.05129575
 -0.01750230  0.05129575   -0.01750230 -0.05129575    0.31606258 -0.00000000

     Dynamical  Matrix in cartesian axes

     q = (    0.124312941   0.124312941  -0.523760942 ) 

    1    1
  0.06617595  0.00000000    0.00189863  0.01815490   -0.01750230 -0.05129575
  0.00189863 -0.01815490    0.06617595 -0.00000000   -0.01750230  0.05129575
 -0.01750230  0.05129575   -0.01750230 -0.05129575    0.31606258 -0.00000000
    1    2
 -0.03283188 -0.06561374   -0.00147462 -0.00255412    0.02587481 -0.01048826
 -0.00147462 -0.00255412   -0.04040722 -0.06124011   -0.02202051  0.01716411
  0.02587481 -0.01048826   -0.02202051  0.01716411   -0.05944969 -0.10296989
    2    1
 -0.03283188  0.06561374   -0.00147462  0.00255412    0.02587481  0.01048826
 -0.00147462  0.00255412   -0.04040722  0.06124011   -0.02202051 -0.01716411
  0.02587481  0.01048826   -0.02202051 -0.01716411   -0.05944969  0.10296989
    2    2
  0.06617595 -0.00000000    0.00189863 -0.01815490   -0.01750230  0.05129575
  0.00189863  0.01815490    0.06617595  0.00000000   -0.01750230 -0.05129575
 -0.01750230 -0.05129575   -0.01750230  0.05129575    0.31606258  0.00000000

     Diagonalizing the dynamical matrix

     q = (    0.124312941  -0.124312941   0.523760942 ) 

 **************************************************************************
     freq (    1) =      -1.352819 [THz] =     -45.125198 [cm-1]
 (  0.395698 -0.303903  0.461037 -0.190733 -0.023085 -0.039984 ) 
 ( -0.065338  0.494636  0.065338  0.494636 -0.046170  0.000000 ) 
     freq (    2) =      -1.281564 [THz] =     -42.748390 [cm-1]
 ( -0.231885 -0.441540  0.266442  0.421588  0.025221  0.043684 ) 
 (  0.498327 -0.019952 -0.498327 -0.019952 -0.050442  0.000000 ) 
     freq (    3) =       2.856651 [THz] =      95.287610 [cm-1]
 (  0.342510 -0.204242  0.348134 -0.194502 -0.213274 -0.369402 ) 
 (  0.005623 -0.398744 -0.005623 -0.398744  0.426549  0.000000 ) 
     freq (    4) =       4.843424 [THz] =     161.559251 [cm-1]
 (  0.299466  0.396163 -0.193354 -0.457427 -0.041081 -0.071154 ) 
 (  0.492820  0.061264 -0.492820  0.061264 -0.082162  0.000000 ) 
     freq (    5) =       6.810602 [THz] =     227.177234 [cm-1]
 ( -0.280920  0.115447 -0.240440  0.185560 -0.280852 -0.486450 ) 
 (  0.040480  0.301007 -0.040480  0.301007  0.561704  0.000000 ) 
     freq (    6) =       8.489741 [THz] =     283.187265 [cm-1]
 (  0.061179  0.026425  0.007705 -0.066195  0.350399  0.606909 ) 
 (  0.053474  0.039770 -0.053474  0.039770  0.700798  0.000000 ) 
 **************************************************************************
