Dynamical matrix file
YOU NEED TO PUT HERE SOME TITLE :)                                         
  1    2  2 11.0000000  0.0000000  0.0000000  0.0000000  0.0000000  0.0000000
           1  'Ge  '    66207.3097484883     
    1    1      0.0000000000      0.0000000000      0.0000000000
    2    1     -0.2500000000      0.2500000000      0.2500000000

     Dynamical  Matrix in cartesian axes

     q = (    0.000000000   0.250000000   0.000000000 ) 

    1    1
  0.22150200  0.00000000   -0.00000000  0.00000000    0.00000000  0.00000000
  0.00000000  0.00000000    0.24173438  0.00000000    0.00000000  0.00000000
  0.00000000  0.00000000   -0.00000000  0.00000000    0.22150200  0.00000000
    1    2
 -0.18741696  0.07763065   -0.00000000  0.00000000    0.01335009  0.03222998
  0.00000000  0.00000000   -0.19739123  0.08176212    0.00000000  0.00000000
  0.01335009  0.03222998   -0.00000000  0.00000000   -0.18741696  0.07763065
    2    1
 -0.18741696 -0.07763065   -0.00000000  0.00000000    0.01335009 -0.03222998
  0.00000000  0.00000000   -0.19739123 -0.08176212    0.00000000  0.00000000
  0.01335009 -0.03222998   -0.00000000  0.00000000   -0.18741696 -0.07763065
    2    2
  0.21617469  0.00000000   -0.00000000  0.00000000    0.00000000  0.00000000
 -0.00000000  0.00000000    0.23640624  0.00000000   -0.00000000  0.00000000
  0.00000000  0.00000000    0.00000000  0.00000000    0.21617469  0.00000000

     Dynamical  Matrix in cartesian axes

     q = (   -0.250000000   0.000000000   0.000000000 ) 

    1    1
  0.24173438  0.00000000    0.00000000  0.00000000    0.00000000  0.00000000
  0.00000000  0.00000000    0.22150200  0.00000000   -0.00000000 -0.00000000
  0.00000000  0.00000000   -0.00000000 -0.00000000    0.22150200  0.00000000
    1    2
 -0.19739123  0.08176212    0.00000000  0.00000000    0.00000000  0.00000000
 -0.00000000  0.00000000   -0.18741696  0.07763065   -0.01335009 -0.03222998
  0.00000000  0.00000000   -0.01335009 -0.03222998   -0.18741696  0.07763065
    2    1
 -0.19739123 -0.08176212    0.00000000  0.00000000    0.00000000  0.00000000
 -0.00000000  0.00000000   -0.18741696 -0.07763065   -0.01335009  0.03222998
  0.00000000  0.00000000   -0.01335009  0.03222998   -0.18741696 -0.07763065
    2    2
  0.23640624  0.00000000   -0.00000000  0.00000000    0.00000000  0.00000000
 -0.00000000  0.00000000    0.21617469  0.00000000   -0.00000000 -0.00000000
  0.00000000  0.00000000    0.00000000 -0.00000000    0.21617469  0.00000000

     Dynamical  Matrix in cartesian axes

     q = (    0.000000000  -0.250000000   0.000000000 ) 

    1    1
  0.22150200  0.00000000   -0.00000000  0.00000000   -0.00000000 -0.00000000
  0.00000000  0.00000000    0.24173438  0.00000000    0.00000000  0.00000000
 -0.00000000 -0.00000000   -0.00000000  0.00000000    0.22150200  0.00000000
    1    2
 -0.18741696 -0.07763065    0.00000000  0.00000000    0.01335009 -0.03222998
  0.00000000 -0.00000000   -0.19739123 -0.08176212   -0.00000000  0.00000000
  0.01335009 -0.03222998   -0.00000000  0.00000000   -0.18741696 -0.07763065
    2    1
 -0.18741696  0.07763065    0.00000000  0.00000000    0.01335009  0.03222998
  0.00000000  0.00000000   -0.19739123  0.08176212    0.00000000  0.00000000
  0.01335009  0.03222998   -0.00000000  0.00000000   -0.18741696  0.07763065
    2    2
  0.21617469  0.00000000   -0.00000000  0.00000000    0.00000000 -0.00000000
  0.00000000  0.00000000    0.23640624  0.00000000    0.00000000  0.00000000
  0.00000000 -0.00000000    0.00000000  0.00000000    0.21617469  0.00000000

     Dynamical  Matrix in cartesian axes

     q = (    0.000000000   0.000000000   0.250000000 ) 

    1    1
  0.22150200  0.00000000    0.00000000  0.00000000    0.00000000  0.00000000
  0.00000000  0.00000000    0.22150200  0.00000000    0.00000000  0.00000000
 -0.00000000  0.00000000   -0.00000000  0.00000000    0.24173438  0.00000000
    1    2
 -0.18741696  0.07763065    0.01335009  0.03222998    0.00000000 -0.00000000
  0.01335009  0.03222998   -0.18741696  0.07763065    0.00000000  0.00000000
  0.00000000 -0.00000000    0.00000000 -0.00000000   -0.19739123  0.08176212
    2    1
 -0.18741696 -0.07763065    0.01335009 -0.03222998    0.00000000  0.00000000
  0.01335009 -0.03222998   -0.18741696 -0.07763065    0.00000000  0.00000000
  0.00000000  0.00000000    0.00000000  0.00000000   -0.19739123 -0.08176212
    2    2
  0.21617469  0.00000000   -0.00000000  0.00000000    0.00000000  0.00000000
 -0.00000000  0.00000000    0.21617469  0.00000000   -0.00000000  0.00000000
  0.00000000  0.00000000    0.00000000  0.00000000    0.23640624  0.00000000

     Dynamical  Matrix in cartesian axes

     q = (    0.000000000   0.000000000  -0.250000000 ) 

    1    1
  0.22150200  0.00000000   -0.00000000 -0.00000000   -0.00000000  0.00000000
 -0.00000000 -0.00000000    0.22150200  0.00000000    0.00000000  0.00000000
  0.00000000  0.00000000    0.00000000  0.00000000    0.24173438  0.00000000
    1    2
 -0.18741696 -0.07763065    0.01335009 -0.03222998    0.00000000  0.00000000
  0.01335009 -0.03222998   -0.18741696 -0.07763065   -0.00000000 -0.00000000
  0.00000000 -0.00000000    0.00000000  0.00000000   -0.19739123 -0.08176212
    2    1
 -0.18741696  0.07763065    0.01335009  0.03222998    0.00000000  0.00000000
  0.01335009  0.03222998   -0.18741696  0.07763065    0.00000000 -0.00000000
  0.00000000  0.00000000    0.00000000  0.00000000   -0.19739123  0.08176212
    2    2
  0.21617469  0.00000000   -0.00000000 -0.00000000    0.00000000  0.00000000
 -0.00000000 -0.00000000    0.21617469  0.00000000   -0.00000000  0.00000000
  0.00000000  0.00000000    0.00000000  0.00000000    0.23640624  0.00000000

     Dynamical  Matrix in cartesian axes

     q = (    0.250000000   0.000000000   0.000000000 ) 

    1    1
  0.24173438  0.00000000    0.00000000  0.00000000   -0.00000000  0.00000000
 -0.00000000  0.00000000    0.22150200  0.00000000   -0.00000000  0.00000000
  0.00000000  0.00000000    0.00000000  0.00000000    0.22150200  0.00000000
    1    2
 -0.19739123 -0.08176212    0.00000000  0.00000000    0.00000000  0.00000000
  0.00000000  0.00000000   -0.18741696 -0.07763065   -0.01335009  0.03222998
  0.00000000  0.00000000   -0.01335009  0.03222998   -0.18741696 -0.07763065
    2    1
 -0.19739123  0.08176212    0.00000000  0.00000000    0.00000000  0.00000000
 -0.00000000 -0.00000000   -0.18741696  0.07763065   -0.01335009 -0.03222998
  0.00000000  0.00000000   -0.01335009 -0.03222998   -0.18741696  0.07763065
    2    2
  0.23640624  0.00000000   -0.00000000  0.00000000    0.00000000  0.00000000
 -0.00000000  0.00000000    0.21617469  0.00000000   -0.00000000  0.00000000
  0.00000000  0.00000000    0.00000000  0.00000000    0.21617469  0.00000000

     Diagonalizing the dynamical matrix

     q = (    0.000000000   0.250000000   0.000000000 ) 

 **************************************************************************
     freq (    1) =       1.456927 [THz] =      48.597866 [cm-1]
 ( -0.669419  0.177354 -0.000000 -0.000000  0.049660  0.107183 ) 
 ( -0.705478 -0.091337 -0.000000 -0.000000  0.020706  0.000000 ) 
     freq (    2) =       1.456927 [THz] =      48.597866 [cm-1]
 ( -0.026098 -0.115209 -0.000000  0.000000  0.638477 -0.268184 ) 
 (  0.020534  0.002659 -0.000000  0.000000  0.711366  0.000000 ) 
     freq (    3) =       2.037653 [THz] =      67.968779 [cm-1]
 (  0.000000 -0.000000 -0.603795  0.359440 -0.000000  0.000000 ) 
 (  0.000000 -0.000000 -0.704111  0.102285 -0.000000  0.000000 ) 
     freq (    4) =       8.332189 [THz] =     277.931903 [cm-1]
 (  0.046157  0.111433  0.000000  0.000000 -0.647983  0.268403 ) 
 (  0.000000  0.000000 -0.000000 -0.000000  0.702517  0.000000 ) 
     freq (    5) =       8.332189 [THz] =     277.931903 [cm-1]
 ( -0.694498  0.097954 -0.000000  0.000000  0.016845  0.119432 ) 
 (  0.680227  0.175561  0.000000  0.000000 -0.000000  0.000000 ) 
     freq (    6) =       8.602948 [THz] =     286.963448 [cm-1]
 ( -0.000000  0.000000  0.690173 -0.172901  0.000000  0.000000 ) 
 (  0.000000  0.000000 -0.695082 -0.103085 -0.000000  0.000000 ) 
 **************************************************************************
