Dynamical matrix file
YOU NEED TO PUT HERE SOME TITLE :)                                         
  1    2  2 11.0000000  0.0000000  0.0000000  0.0000000  0.0000000  0.0000000
           1  'Ge  '    66207.3097484883     
    1    1      0.0000000000      0.0000000000      0.0000000000
    2    1     -0.2500000000      0.2500000000      0.2500000000

     Dynamical  Matrix in cartesian axes

     q = (    0.000000000   0.750000000   0.000000000 ) 

    1    1
  0.19733669  0.00000000    0.00000000  0.00000000    0.00000000  0.00000000
  0.00000000  0.00000000    0.26906047  0.00000000    0.00000000  0.00000000
  0.00000000  0.00000000    0.00000000  0.00000000    0.19733669  0.00000000
    1    2
 -0.03465545  0.08366565    0.00000000  0.00000000    0.10133547  0.04197453
  0.00000000  0.00000000   -0.04040408  0.09754407    0.00000000  0.00000000
  0.10133547  0.04197453    0.00000000  0.00000000   -0.03465545  0.08366565
    2    1
 -0.03465545 -0.08366565    0.00000000  0.00000000    0.10133547 -0.04197453
  0.00000000  0.00000000   -0.04040408 -0.09754407    0.00000000  0.00000000
  0.10133547 -0.04197453    0.00000000  0.00000000   -0.03465545 -0.08366565
    2    2
  0.19250940  0.00000000    0.00000000  0.00000000    0.00000000  0.00000000
  0.00000000  0.00000000    0.26412550  0.00000000    0.00000000  0.00000000
  0.00000000  0.00000000    0.00000000  0.00000000    0.19250940  0.00000000

     Dynamical  Matrix in cartesian axes

     q = (   -0.750000000   0.000000000   0.000000000 ) 

    1    1
  0.26906047  0.00000000    0.00000000  0.00000000    0.00000000  0.00000000
  0.00000000  0.00000000    0.19733669  0.00000000    0.00000000 -0.00000000
  0.00000000  0.00000000    0.00000000 -0.00000000    0.19733669  0.00000000
    1    2
 -0.04040408  0.09754407    0.00000000  0.00000000    0.00000000  0.00000000
 -0.00000000  0.00000000   -0.03465545  0.08366565   -0.10133547 -0.04197453
  0.00000000  0.00000000   -0.10133547 -0.04197453   -0.03465545  0.08366565
    2    1
 -0.04040408 -0.09754407    0.00000000  0.00000000   -0.00000000  0.00000000
  0.00000000  0.00000000   -0.03465545 -0.08366565   -0.10133547  0.04197453
 -0.00000000  0.00000000   -0.10133547  0.04197453   -0.03465545 -0.08366565
    2    2
  0.26412550  0.00000000    0.00000000  0.00000000   -0.00000000  0.00000000
  0.00000000  0.00000000    0.19250940  0.00000000    0.00000000  0.00000000
 -0.00000000  0.00000000    0.00000000  0.00000000    0.19250940  0.00000000

     Dynamical  Matrix in cartesian axes

     q = (    0.000000000  -0.750000000   0.000000000 ) 

    1    1
  0.19733669  0.00000000    0.00000000  0.00000000    0.00000000 -0.00000000
  0.00000000  0.00000000    0.26906047  0.00000000    0.00000000  0.00000000
  0.00000000 -0.00000000    0.00000000  0.00000000    0.19733669  0.00000000
    1    2
 -0.03465545 -0.08366565    0.00000000  0.00000000    0.10133547 -0.04197453
  0.00000000  0.00000000   -0.04040408 -0.09754407    0.00000000 -0.00000000
  0.10133547 -0.04197453    0.00000000 -0.00000000   -0.03465545 -0.08366565
    2    1
 -0.03465545  0.08366565    0.00000000  0.00000000    0.10133547  0.04197453
  0.00000000 -0.00000000   -0.04040408  0.09754407    0.00000000  0.00000000
  0.10133547  0.04197453    0.00000000  0.00000000   -0.03465545  0.08366565
    2    2
  0.19250940  0.00000000    0.00000000  0.00000000   -0.00000000  0.00000000
  0.00000000  0.00000000    0.26412550  0.00000000    0.00000000  0.00000000
 -0.00000000  0.00000000   -0.00000000  0.00000000    0.19250940  0.00000000

     Dynamical  Matrix in cartesian axes

     q = (    0.000000000   0.000000000   0.750000000 ) 

    1    1
  0.19733669  0.00000000    0.00000000  0.00000000    0.00000000  0.00000000
  0.00000000  0.00000000    0.19733669  0.00000000    0.00000000  0.00000000
  0.00000000  0.00000000    0.00000000  0.00000000    0.26906047  0.00000000
    1    2
 -0.03465545  0.08366565    0.10133547  0.04197453    0.00000000  0.00000000
  0.10133547  0.04197453   -0.03465545  0.08366565    0.00000000 -0.00000000
  0.00000000 -0.00000000    0.00000000 -0.00000000   -0.04040408  0.09754407
    2    1
 -0.03465545 -0.08366565    0.10133547 -0.04197453    0.00000000 -0.00000000
  0.10133547 -0.04197453   -0.03465545 -0.08366565    0.00000000  0.00000000
  0.00000000  0.00000000    0.00000000  0.00000000   -0.04040408 -0.09754407
    2    2
  0.19250940  0.00000000   -0.00000000  0.00000000    0.00000000  0.00000000
 -0.00000000  0.00000000    0.19250940  0.00000000   -0.00000000  0.00000000
 -0.00000000  0.00000000   -0.00000000  0.00000000    0.26412550  0.00000000

     Dynamical  Matrix in cartesian axes

     q = (    0.000000000   0.000000000  -0.750000000 ) 

    1    1
  0.19733669  0.00000000    0.00000000 -0.00000000    0.00000000  0.00000000
  0.00000000 -0.00000000    0.19733669  0.00000000    0.00000000  0.00000000
  0.00000000  0.00000000    0.00000000  0.00000000    0.26906047  0.00000000
    1    2
 -0.03465545 -0.08366565    0.10133547 -0.04197453    0.00000000  0.00000000
  0.10133547 -0.04197453   -0.03465545 -0.08366565    0.00000000 -0.00000000
  0.00000000  0.00000000    0.00000000 -0.00000000   -0.04040408 -0.09754407
    2    1
 -0.03465545  0.08366565    0.10133547  0.04197453    0.00000000 -0.00000000
  0.10133547  0.04197453   -0.03465545  0.08366565    0.00000000  0.00000000
  0.00000000 -0.00000000    0.00000000  0.00000000   -0.04040408  0.09754407
    2    2
  0.19250940  0.00000000   -0.00000000  0.00000000    0.00000000  0.00000000
 -0.00000000  0.00000000    0.19250940  0.00000000   -0.00000000  0.00000000
 -0.00000000  0.00000000   -0.00000000  0.00000000    0.26412550  0.00000000

     Dynamical  Matrix in cartesian axes

     q = (    0.750000000   0.000000000   0.000000000 ) 

    1    1
  0.26906047  0.00000000    0.00000000  0.00000000    0.00000000  0.00000000
  0.00000000  0.00000000    0.19733669  0.00000000    0.00000000  0.00000000
  0.00000000  0.00000000    0.00000000  0.00000000    0.19733669  0.00000000
    1    2
 -0.04040408 -0.09754407    0.00000000  0.00000000    0.00000000  0.00000000
 -0.00000000  0.00000000   -0.03465545 -0.08366565   -0.10133547  0.04197453
  0.00000000  0.00000000   -0.10133547  0.04197453   -0.03465545 -0.08366565
    2    1
 -0.04040408  0.09754407    0.00000000  0.00000000    0.00000000  0.00000000
 -0.00000000  0.00000000   -0.03465545  0.08366565   -0.10133547 -0.04197453
  0.00000000  0.00000000   -0.10133547 -0.04197453   -0.03465545  0.08366565
    2    2
  0.26412550  0.00000000    0.00000000  0.00000000    0.00000000  0.00000000
  0.00000000  0.00000000    0.19250940  0.00000000    0.00000000  0.00000000
  0.00000000  0.00000000    0.00000000  0.00000000    0.19250940  0.00000000

     Diagonalizing the dynamical matrix

     q = (    0.000000000   0.750000000   0.000000000 ) 

 **************************************************************************
     freq (    1) =       2.934140 [THz] =      97.872383 [cm-1]
 (  0.499476  0.206890  0.000000  0.000000 -0.170814  0.412383 ) 
 (  0.000000  0.000000  0.000000  0.000000 -0.713080  0.000000 ) 
     freq (    2) =       2.934140 [THz] =      97.872383 [cm-1]
 (  0.445410 -0.029108 -0.000000 -0.000000 -0.035256 -0.539478 ) 
 (  0.315265  0.639602 -0.000000 -0.000000  0.000000  0.000000 ) 
     freq (    3) =       5.129941 [THz] =     171.116410 [cm-1]
 (  0.000000  0.000000  0.497907  0.490313  0.000000 -0.000000 ) 
 (  0.000000  0.000000 -0.268655  0.662953  0.000000  0.000000 ) 
     freq (    4) =       7.424274 [THz] =     247.647139 [cm-1]
 (  0.508024  0.210430  0.000000  0.000000 -0.173738  0.419440 ) 
 (  0.000000  0.000000  0.000000  0.000000  0.701083  0.000000 ) 
     freq (    5) =       7.424274 [THz] =     247.647139 [cm-1]
 (  0.380055 -0.248340 -0.000000  0.000000 -0.300789 -0.460320 ) 
 ( -0.578901 -0.395463  0.000000  0.000000  0.000000  0.000000 ) 
     freq (    6) =       7.800310 [THz] =     260.190333 [cm-1]
 ( -0.000000  0.000000 -0.577885  0.421581  0.000000  0.000000 ) 
 (  0.000000  0.000000  0.596533  0.363959  0.000000  0.000000 ) 
 **************************************************************************
