Dynamical matrix file
YOU NEED TO PUT HERE SOME TITLE :)                                         
  1    2  2 11.0000000  0.0000000  0.0000000  0.0000000  0.0000000  0.0000000
           1  'Ge  '    66207.3097484883     
    1    1      0.0000000000      0.0000000000      0.0000000000
    2    1     -0.2500000000      0.2500000000      0.2500000000

     Dynamical  Matrix in cartesian axes

     q = (    0.500000000   0.000000000   0.500000000 ) 

    1    1
  0.20844630  0.00000000    0.00000000 -0.00512020    0.00283992  0.00000000
  0.00000000  0.00512020    0.22781446  0.00000000    0.00000000  0.00512020
  0.00283992  0.00000000    0.00000000 -0.00512020    0.20844630  0.00000000
    1    2
 -0.11075225  0.00000000   -0.00000000  0.05247529    0.06376804  0.00000000
  0.00000000  0.05236382   -0.13247231  0.00000000    0.00000000  0.05236382
  0.06376804  0.00000000    0.00000000  0.05247529   -0.11075225  0.00000000
    2    1
 -0.11075225  0.00000000    0.00000000 -0.05236382    0.06376804  0.00000000
  0.00000000 -0.05247529   -0.13247231  0.00000000    0.00000000 -0.05247529
  0.06376804  0.00000000   -0.00000000 -0.05236382   -0.11075225  0.00000000
    2    2
  0.20333365  0.00000000    0.00000000  0.00488975    0.00324020  0.00000000
  0.00000000 -0.00488975    0.22312406  0.00000000    0.00000000 -0.00488975
  0.00324020  0.00000000    0.00000000  0.00488975    0.20333365  0.00000000

     Dynamical  Matrix in cartesian axes

     q = (   -0.500000000   0.000000000  -0.500000000 ) 

    1    1
  0.20844630  0.00000000    0.00000000  0.00512020    0.00283992  0.00000000
  0.00000000 -0.00512020    0.22781446  0.00000000    0.00000000 -0.00512020
  0.00283992  0.00000000    0.00000000  0.00512020    0.20844630  0.00000000
    1    2
 -0.11075225  0.00000000   -0.00000000 -0.05247529    0.06376804  0.00000000
  0.00000000 -0.05236382   -0.13247231  0.00000000    0.00000000 -0.05236382
  0.06376804  0.00000000    0.00000000 -0.05247529   -0.11075225  0.00000000
    2    1
 -0.11075225  0.00000000    0.00000000  0.05236382    0.06376804  0.00000000
  0.00000000  0.05247529   -0.13247231  0.00000000    0.00000000  0.05247529
  0.06376804  0.00000000   -0.00000000  0.05236382   -0.11075225  0.00000000
    2    2
  0.20333365  0.00000000    0.00000000 -0.00488975    0.00324020  0.00000000
  0.00000000  0.00488975    0.22312406  0.00000000    0.00000000  0.00488975
  0.00324020  0.00000000    0.00000000 -0.00488975    0.20333365  0.00000000

     Dynamical  Matrix in cartesian axes

     q = (    0.000000000  -0.500000000   0.500000000 ) 

    1    1
  0.22781446  0.00000000    0.00000000  0.00512020   -0.00000000 -0.00512020
  0.00000000 -0.00512020    0.20844630  0.00000000   -0.00283992  0.00000000
  0.00000000  0.00512020   -0.00283992  0.00000000    0.20844630  0.00000000
    1    2
 -0.13247231  0.00000000   -0.00000000  0.05236382    0.00000000 -0.05236382
 -0.00000000  0.05247529   -0.11075225  0.00000000   -0.06376804  0.00000000
  0.00000000 -0.05247529   -0.06376804  0.00000000   -0.11075225  0.00000000
    2    1
 -0.13247231  0.00000000    0.00000000 -0.05247529    0.00000000  0.05247529
  0.00000000 -0.05236382   -0.11075225  0.00000000   -0.06376804  0.00000000
  0.00000000  0.05236382   -0.06376804  0.00000000   -0.11075225  0.00000000
    2    2
  0.22312406  0.00000000    0.00000000 -0.00488975    0.00000000  0.00488975
  0.00000000  0.00488975    0.20333365  0.00000000   -0.00324020  0.00000000
  0.00000000 -0.00488975   -0.00324020  0.00000000    0.20333365  0.00000000

     Dynamical  Matrix in cartesian axes

     q = (   -0.500000000   0.000000000   0.500000000 ) 

    1    1
  0.20844630  0.00000000    0.00000000 -0.00512020   -0.00283992  0.00000000
 -0.00000000  0.00512020    0.22781446  0.00000000    0.00000000 -0.00512020
 -0.00283992  0.00000000    0.00000000  0.00512020    0.20844630  0.00000000
    1    2
 -0.00000000  0.11075225    0.05247529  0.00000000   -0.00000000  0.06376804
  0.05236382  0.00000000    0.00000000  0.13247231   -0.05236382  0.00000000
 -0.00000000  0.06376804   -0.05247529  0.00000000   -0.00000000  0.11075225
    2    1
 -0.00000000 -0.11075225    0.05236382  0.00000000   -0.00000000 -0.06376804
  0.05247529 -0.00000000   -0.00000000 -0.13247231   -0.05247529  0.00000000
 -0.00000000 -0.06376804   -0.05236382  0.00000000   -0.00000000 -0.11075225
    2    2
  0.20333365  0.00000000    0.00000000  0.00488975   -0.00324020  0.00000000
  0.00000000 -0.00488975    0.22312406  0.00000000    0.00000000  0.00488975
 -0.00324020  0.00000000    0.00000000 -0.00488975    0.20333365  0.00000000

     Dynamical  Matrix in cartesian axes

     q = (    0.500000000   0.000000000  -0.500000000 ) 

    1    1
  0.20844630  0.00000000    0.00000000  0.00512020   -0.00283992  0.00000000
 -0.00000000 -0.00512020    0.22781446  0.00000000   -0.00000000  0.00512020
 -0.00283992  0.00000000    0.00000000 -0.00512020    0.20844630  0.00000000
    1    2
 -0.00000000 -0.11075225    0.05247529  0.00000000   -0.00000000 -0.06376804
  0.05236382 -0.00000000    0.00000000 -0.13247231   -0.05236382  0.00000000
 -0.00000000 -0.06376804   -0.05247529  0.00000000   -0.00000000 -0.11075225
    2    1
 -0.00000000  0.11075225    0.05236382  0.00000000   -0.00000000  0.06376804
  0.05247529  0.00000000   -0.00000000  0.13247231   -0.05247529  0.00000000
 -0.00000000  0.06376804   -0.05236382  0.00000000   -0.00000000  0.11075225
    2    2
  0.20333365  0.00000000    0.00000000 -0.00488975   -0.00324020  0.00000000
  0.00000000  0.00488975    0.22312406  0.00000000    0.00000000 -0.00488975
 -0.00324020  0.00000000    0.00000000  0.00488975    0.20333365  0.00000000

     Dynamical  Matrix in cartesian axes

     q = (    0.500000000   0.500000000   0.000000000 ) 

    1    1
  0.20844630  0.00000000    0.00283992  0.00000000    0.00000000 -0.00512020
  0.00283992  0.00000000    0.20844630  0.00000000    0.00000000 -0.00512020
 -0.00000000  0.00512020   -0.00000000  0.00512020    0.22781446  0.00000000
    1    2
 -0.11075225  0.00000000    0.06376804  0.00000000    0.00000000  0.05247529
  0.06376804  0.00000000   -0.11075225  0.00000000   -0.00000000  0.05247529
  0.00000000  0.05236382    0.00000000  0.05236382   -0.13247231  0.00000000
    2    1
 -0.11075225  0.00000000    0.06376804  0.00000000    0.00000000 -0.05236382
  0.06376804  0.00000000   -0.11075225  0.00000000    0.00000000 -0.05236382
  0.00000000 -0.05247529    0.00000000 -0.05247529   -0.13247231  0.00000000
    2    2
  0.20333365  0.00000000    0.00324020  0.00000000    0.00000000  0.00488975
  0.00324020  0.00000000    0.20333365  0.00000000    0.00000000  0.00488975
  0.00000000 -0.00488975    0.00000000 -0.00488975    0.22312406  0.00000000

     Dynamical  Matrix in cartesian axes

     q = (   -0.500000000  -0.500000000   0.000000000 ) 

    1    1
  0.20844630  0.00000000    0.00283992  0.00000000    0.00000000  0.00512020
  0.00283992  0.00000000    0.20844630  0.00000000    0.00000000  0.00512020
 -0.00000000 -0.00512020   -0.00000000 -0.00512020    0.22781446  0.00000000
    1    2
 -0.11075225  0.00000000    0.06376804  0.00000000    0.00000000 -0.05247529
  0.06376804  0.00000000   -0.11075225  0.00000000   -0.00000000 -0.05247529
  0.00000000 -0.05236382    0.00000000 -0.05236382   -0.13247231  0.00000000
    2    1
 -0.11075225  0.00000000    0.06376804  0.00000000    0.00000000  0.05236382
  0.06376804  0.00000000   -0.11075225  0.00000000    0.00000000  0.05236382
  0.00000000  0.05247529    0.00000000  0.05247529   -0.13247231  0.00000000
    2    2
  0.20333365  0.00000000    0.00324020  0.00000000    0.00000000 -0.00488975
  0.00324020  0.00000000    0.20333365  0.00000000    0.00000000 -0.00488975
  0.00000000  0.00488975    0.00000000  0.00488975    0.22312406  0.00000000

     Dynamical  Matrix in cartesian axes

     q = (   -0.500000000   0.500000000   0.000000000 ) 

    1    1
  0.20844630  0.00000000   -0.00283992  0.00000000    0.00000000 -0.00512020
 -0.00283992  0.00000000    0.20844630  0.00000000    0.00000000  0.00512020
 -0.00000000  0.00512020    0.00000000 -0.00512020    0.22781446  0.00000000
    1    2
 -0.00000000  0.11075225   -0.00000000  0.06376804    0.05247529  0.00000000
 -0.00000000  0.06376804   -0.00000000  0.11075225   -0.05247529  0.00000000
  0.05236382  0.00000000   -0.05236382  0.00000000   -0.00000000  0.13247231
    2    1
 -0.00000000 -0.11075225   -0.00000000 -0.06376804    0.05236382  0.00000000
 -0.00000000 -0.06376804   -0.00000000 -0.11075225   -0.05236382  0.00000000
  0.05247529 -0.00000000   -0.05247529  0.00000000   -0.00000000 -0.13247231
    2    2
  0.20333365  0.00000000   -0.00324020  0.00000000    0.00000000  0.00488975
 -0.00324020  0.00000000    0.20333365  0.00000000    0.00000000 -0.00488975
  0.00000000 -0.00488975    0.00000000  0.00488975    0.22312406  0.00000000

     Dynamical  Matrix in cartesian axes

     q = (    0.000000000   0.500000000   0.500000000 ) 

    1    1
  0.22781446  0.00000000    0.00000000  0.00512020    0.00000000  0.00512020
  0.00000000 -0.00512020    0.20844630  0.00000000    0.00283992  0.00000000
  0.00000000 -0.00512020    0.00283992  0.00000000    0.20844630  0.00000000
    1    2
 -0.00000000  0.13247231    0.05236382  0.00000000    0.05236382  0.00000000
  0.05247529  0.00000000   -0.00000000  0.11075225    0.00000000 -0.06376804
  0.05247529  0.00000000    0.00000000 -0.06376804   -0.00000000  0.11075225
    2    1
 -0.00000000 -0.13247231    0.05247529  0.00000000    0.05247529  0.00000000
  0.05236382  0.00000000   -0.00000000 -0.11075225    0.00000000  0.06376804
  0.05236382  0.00000000    0.00000000  0.06376804   -0.00000000 -0.11075225
    2    2
  0.22312406  0.00000000    0.00000000 -0.00488975    0.00000000 -0.00488975
  0.00000000  0.00488975    0.20333365  0.00000000    0.00324020  0.00000000
  0.00000000  0.00488975    0.00324020  0.00000000    0.20333365  0.00000000

     Dynamical  Matrix in cartesian axes

     q = (    0.000000000   0.500000000  -0.500000000 ) 

    1    1
  0.22781446  0.00000000    0.00000000 -0.00512020   -0.00000000  0.00512020
  0.00000000  0.00512020    0.20844630  0.00000000   -0.00283992  0.00000000
  0.00000000 -0.00512020   -0.00283992  0.00000000    0.20844630  0.00000000
    1    2
 -0.13247231  0.00000000   -0.00000000 -0.05236382    0.00000000  0.05236382
 -0.00000000 -0.05247529   -0.11075225  0.00000000   -0.06376804  0.00000000
  0.00000000  0.05247529   -0.06376804  0.00000000   -0.11075225  0.00000000
    2    1
 -0.13247231  0.00000000    0.00000000  0.05247529    0.00000000 -0.05247529
  0.00000000  0.05236382   -0.11075225  0.00000000   -0.06376804  0.00000000
  0.00000000 -0.05236382   -0.06376804  0.00000000   -0.11075225  0.00000000
    2    2
  0.22312406  0.00000000    0.00000000  0.00488975    0.00000000 -0.00488975
  0.00000000 -0.00488975    0.20333365  0.00000000   -0.00324020  0.00000000
  0.00000000  0.00488975   -0.00324020  0.00000000    0.20333365  0.00000000

     Dynamical  Matrix in cartesian axes

     q = (    0.000000000  -0.500000000  -0.500000000 ) 

    1    1
  0.22781446  0.00000000   -0.00000000 -0.00512020    0.00000000 -0.00512020
  0.00000000  0.00512020    0.20844630  0.00000000    0.00283992  0.00000000
  0.00000000  0.00512020    0.00283992  0.00000000    0.20844630  0.00000000
    1    2
 -0.00000000 -0.13247231    0.05236382  0.00000000    0.05236382  0.00000000
  0.05247529  0.00000000   -0.00000000 -0.11075225    0.00000000  0.06376804
  0.05247529  0.00000000    0.00000000  0.06376804   -0.00000000 -0.11075225
    2    1
 -0.00000000  0.13247231    0.05247529  0.00000000    0.05247529  0.00000000
  0.05236382  0.00000000   -0.00000000  0.11075225    0.00000000 -0.06376804
  0.05236382  0.00000000    0.00000000 -0.06376804   -0.00000000  0.11075225
    2    2
  0.22312406  0.00000000    0.00000000  0.00488975    0.00000000  0.00488975
  0.00000000 -0.00488975    0.20333365  0.00000000    0.00324020  0.00000000
  0.00000000 -0.00488975    0.00324020  0.00000000    0.20333365  0.00000000

     Dynamical  Matrix in cartesian axes

     q = (    0.500000000  -0.500000000   0.000000000 ) 

    1    1
  0.20844630  0.00000000   -0.00283992  0.00000000    0.00000000  0.00512020
 -0.00283992  0.00000000    0.20844630  0.00000000    0.00000000 -0.00512020
  0.00000000 -0.00512020    0.00000000  0.00512020    0.22781446  0.00000000
    1    2
 -0.00000000 -0.11075225   -0.00000000 -0.06376804    0.05247529  0.00000000
 -0.00000000 -0.06376804   -0.00000000 -0.11075225   -0.05247529  0.00000000
  0.05236382 -0.00000000   -0.05236382  0.00000000   -0.00000000 -0.13247231
    2    1
 -0.00000000  0.11075225   -0.00000000  0.06376804    0.05236382  0.00000000
 -0.00000000  0.06376804   -0.00000000  0.11075225   -0.05236382  0.00000000
  0.05247529  0.00000000   -0.05247529  0.00000000   -0.00000000  0.13247231
    2    2
  0.20333365  0.00000000   -0.00324020  0.00000000    0.00000000 -0.00488975
 -0.00324020  0.00000000    0.20333365  0.00000000    0.00000000  0.00488975
  0.00000000  0.00488975    0.00000000 -0.00488975    0.22312406  0.00000000

     Diagonalizing the dynamical matrix

     q = (    0.500000000   0.000000000   0.500000000 ) 

 **************************************************************************
     freq (    1) =       2.151174 [THz] =      71.755443 [cm-1]
 ( -0.496036 -0.000000  0.000000  0.000000  0.496036 -0.000000 ) 
 ( -0.503933  0.000000  0.000000  0.000000  0.503933  0.000000 ) 
     freq (    2) =       3.356790 [THz] =     111.970479 [cm-1]
 ( -0.167149 -0.000000  0.000000 -0.660626 -0.167149  0.000000 ) 
 (  0.170446 -0.000000  0.000000 -0.670517  0.170446  0.000000 ) 
     freq (    3) =       4.656411 [THz] =     155.321138 [cm-1]
 (  0.463248  0.000000 -0.000000 -0.235641  0.463248  0.000000 ) 
 (  0.477382  0.000000 -0.000000  0.243906  0.477382  0.000000 ) 
     freq (    4) =       6.765481 [THz] =     225.672153 [cm-1]
 ( -0.477439 -0.000000 -0.000000  0.243674 -0.477439  0.000000 ) 
 (  0.463736  0.000000  0.000000  0.233719  0.463736  0.000000 ) 
     freq (    5) =       7.854497 [THz] =     261.997825 [cm-1]
 ( -0.503933 -0.000000 -0.000000 -0.000000  0.503933  0.000000 ) 
 (  0.496036  0.000000  0.000000  0.000000 -0.496036  0.000000 ) 
     freq (    6) =       7.956290 [THz] =     265.393276 [cm-1]
 ( -0.171800  0.000000  0.000000 -0.669828 -0.171800 -0.000000 ) 
 ( -0.167343 -0.000000 -0.000000  0.660524 -0.167343  0.000000 ) 
 **************************************************************************
