Dynamical matrix file
YOU NEED TO PUT HERE SOME TITLE :)                                         
  1    2  2 11.0000000  0.0000000  0.0000000  0.0000000  0.0000000  0.0000000
           1  'Ge  '    66207.3097484883     
    1    1      0.0000000000      0.0000000000      0.0000000000
    2    1     -0.2500000000      0.2500000000      0.2500000000

     Dynamical  Matrix in cartesian axes

     q = (    0.750000000  -0.250000000   1.000000000 ) 

    1    1
  0.18800328  0.00000000   -0.00305621  0.00000000    0.00000000 -0.00127608
 -0.00305621  0.00000000    0.24152888  0.00000000   -0.00000000  0.00643391
  0.00000000  0.00127608    0.00000000 -0.00643391    0.18896052  0.00000000
    1    2
  0.00000000  0.05706571   -0.00000000  0.02641185    0.11059690  0.00000000
 -0.00000000  0.02641955    0.00000000  0.06946694   -0.01789796  0.00000000
  0.11065497 -0.00000000   -0.01770220  0.00000000   -0.00000000  0.06215012
    2    1
  0.00000000 -0.05706571   -0.00000000 -0.02641955    0.11065497  0.00000000
 -0.00000000 -0.02641185    0.00000000 -0.06946694   -0.01770220  0.00000000
  0.11059690  0.00000000   -0.01789796  0.00000000    0.00000000 -0.06215012
    2    2
  0.18328871  0.00000000   -0.00345329  0.00000000   -0.00000000  0.00127535
 -0.00345329  0.00000000    0.23686761  0.00000000   -0.00000000 -0.00669447
  0.00000000 -0.00127535    0.00000000  0.00669447    0.18493224  0.00000000

     Dynamical  Matrix in cartesian axes

     q = (    1.000000000  -0.250000000   0.750000000 ) 

    1    1
  0.18896052  0.00000000    0.00000000 -0.00643391    0.00000000  0.00127608
 -0.00000000  0.00643391    0.24152888  0.00000000   -0.00305621  0.00000000
 -0.00000000 -0.00127608   -0.00305621  0.00000000    0.18800328  0.00000000
    1    2
 -0.04394677  0.04394677   -0.01251735 -0.01251735    0.07824488  0.07824488
 -0.01265577 -0.01265577   -0.04912055  0.04912055   -0.01868145  0.01868145
  0.07820382  0.07820382   -0.01867600  0.01867600   -0.04035155  0.04035155
    2    1
 -0.04394677 -0.04394677   -0.01265577  0.01265577    0.07820382 -0.07820382
 -0.01251735  0.01251735   -0.04912055 -0.04912055   -0.01867600 -0.01867600
  0.07824488 -0.07824488   -0.01868145 -0.01868145   -0.04035155 -0.04035155
    2    2
  0.18493224  0.00000000    0.00000000  0.00669447   -0.00000000 -0.00127535
  0.00000000 -0.00669447    0.23686761  0.00000000   -0.00345329  0.00000000
  0.00000000  0.00127535   -0.00345329  0.00000000    0.18328871  0.00000000

     Dynamical  Matrix in cartesian axes

     q = (   -0.750000000  -0.250000000  -1.000000000 ) 

    1    1
  0.18800328 -0.00000000    0.00305621  0.00000000   -0.00000000 -0.00127608
  0.00305621  0.00000000    0.24152888 -0.00000000    0.00000000 -0.00643391
 -0.00000000  0.00127608    0.00000000  0.00643391    0.18896052 -0.00000000
    1    2
 -0.04035155  0.04035155    0.01867600 -0.01867600    0.07820382  0.07820382
  0.01868145 -0.01868145   -0.04912055  0.04912055    0.01265577  0.01265577
  0.07824488  0.07824488    0.01251735  0.01251735   -0.04394677  0.04394677
    2    1
 -0.04035155 -0.04035155    0.01868145  0.01868145    0.07824488 -0.07824488
  0.01867600  0.01867600   -0.04912055 -0.04912055    0.01251735 -0.01251735
  0.07820382 -0.07820382    0.01265577 -0.01265577   -0.04394677 -0.04394677
    2    2
  0.18328871  0.00000000    0.00345329  0.00000000   -0.00000000  0.00127535
  0.00345329  0.00000000    0.23686761  0.00000000   -0.00000000  0.00669447
  0.00000000 -0.00127535    0.00000000 -0.00669447    0.18493224  0.00000000

     Dynamical  Matrix in cartesian axes

     q = (   -1.000000000  -0.250000000  -0.750000000 ) 

    1    1
  0.18896052 -0.00000000    0.00000000  0.00643391    0.00000000  0.00127608
  0.00000000 -0.00643391    0.24152888 -0.00000000    0.00305621 -0.00000000
  0.00000000 -0.00127608    0.00305621  0.00000000    0.18800328 -0.00000000
    1    2
 -0.00000000  0.06215012    0.01770220  0.00000000    0.11065497  0.00000000
  0.01789796  0.00000000   -0.00000000  0.06946694    0.00000000 -0.02641955
  0.11059690 -0.00000000    0.00000000 -0.02641185   -0.00000000  0.05706571
    2    1
  0.00000000 -0.06215012    0.01789796  0.00000000    0.11059690  0.00000000
  0.01770220  0.00000000    0.00000000 -0.06946694   -0.00000000  0.02641185
  0.11065497  0.00000000   -0.00000000  0.02641955    0.00000000 -0.05706571
    2    2
  0.18493224  0.00000000    0.00000000 -0.00669447   -0.00000000 -0.00127535
  0.00000000  0.00669447    0.23686761  0.00000000    0.00345329  0.00000000
  0.00000000  0.00127535    0.00345329  0.00000000    0.18328871  0.00000000

     Dynamical  Matrix in cartesian axes

     q = (   -1.000000000   0.250000000   0.750000000 ) 

    1    1
  0.18896052  0.00000000    0.00000000 -0.00643391    0.00000000 -0.00127608
  0.00000000  0.00643391    0.24152888  0.00000000    0.00305621  0.00000000
  0.00000000  0.00127608    0.00305621  0.00000000    0.18800328  0.00000000
    1    2
  0.00000000 -0.06215012    0.01770220  0.00000000    0.11065497  0.00000000
  0.01789796  0.00000000    0.00000000 -0.06946694   -0.00000000  0.02641955
  0.11059690  0.00000000   -0.00000000  0.02641185    0.00000000 -0.05706571
    2    1
  0.00000000  0.06215012    0.01789796  0.00000000    0.11059690 -0.00000000
  0.01770220  0.00000000    0.00000000  0.06946694   -0.00000000 -0.02641185
  0.11065497 -0.00000000   -0.00000000 -0.02641955    0.00000000  0.05706571
    2    2
  0.18493224  0.00000000    0.00000000  0.00669447   -0.00000000  0.00127535
  0.00000000 -0.00669447    0.23686761  0.00000000    0.00345329  0.00000000
  0.00000000 -0.00127535    0.00345329  0.00000000    0.18328871  0.00000000

     Dynamical  Matrix in cartesian axes

     q = (    1.000000000   0.250000000  -0.750000000 ) 

    1    1
  0.18896052 -0.00000000    0.00000000  0.00643391    0.00000000 -0.00127608
  0.00000000 -0.00643391    0.24152888 -0.00000000   -0.00305621  0.00000000
  0.00000000  0.00127608   -0.00305621  0.00000000    0.18800328 -0.00000000
    1    2
 -0.04394677 -0.04394677   -0.01251735  0.01251735    0.07824488 -0.07824488
 -0.01265577  0.01265577   -0.04912055 -0.04912055   -0.01868145 -0.01868145
  0.07820382 -0.07820382   -0.01867600 -0.01867600   -0.04035155 -0.04035155
    2    1
 -0.04394677  0.04394677   -0.01265577 -0.01265577    0.07820382  0.07820382
 -0.01251735 -0.01251735   -0.04912055  0.04912055   -0.01867600  0.01867600
  0.07824488  0.07824488   -0.01868145  0.01868145   -0.04035155  0.04035155
    2    2
  0.18493224  0.00000000    0.00000000 -0.00669447   -0.00000000  0.00127535
  0.00000000  0.00669447    0.23686761  0.00000000   -0.00345329  0.00000000
  0.00000000 -0.00127535   -0.00345329  0.00000000    0.18328871  0.00000000

     Dynamical  Matrix in cartesian axes

     q = (   -0.750000000   0.250000000   1.000000000 ) 

    1    1
  0.18800328  0.00000000   -0.00305621  0.00000000    0.00000000  0.00127608
 -0.00305621  0.00000000    0.24152888  0.00000000   -0.00000000 -0.00643391
  0.00000000 -0.00127608    0.00000000  0.00643391    0.18896052  0.00000000
    1    2
  0.00000000 -0.05706571    0.00000000 -0.02641185    0.11059690  0.00000000
  0.00000000 -0.02641955    0.00000000 -0.06946694   -0.01789796  0.00000000
  0.11065497  0.00000000   -0.01770220 -0.00000000    0.00000000 -0.06215012
    2    1
  0.00000000  0.05706571    0.00000000  0.02641955    0.11065497 -0.00000000
  0.00000000  0.02641185    0.00000000  0.06946694   -0.01770220 -0.00000000
  0.11059690 -0.00000000   -0.01789796  0.00000000    0.00000000  0.06215012
    2    2
  0.18328871  0.00000000   -0.00345329  0.00000000   -0.00000000 -0.00127535
 -0.00345329  0.00000000    0.23686761  0.00000000   -0.00000000  0.00669447
  0.00000000  0.00127535    0.00000000 -0.00669447    0.18493224  0.00000000

     Dynamical  Matrix in cartesian axes

     q = (    0.750000000   0.250000000  -1.000000000 ) 

    1    1
  0.18800328 -0.00000000    0.00305621  0.00000000    0.00000000  0.00127608
  0.00305621  0.00000000    0.24152888 -0.00000000   -0.00000000  0.00643391
  0.00000000 -0.00127608    0.00000000 -0.00643391    0.18896052 -0.00000000
    1    2
 -0.04035155 -0.04035155    0.01867600  0.01867600    0.07820382 -0.07820382
  0.01868145  0.01868145   -0.04912055 -0.04912055    0.01265577 -0.01265577
  0.07824488 -0.07824488    0.01251735 -0.01251735   -0.04394677 -0.04394677
    2    1
 -0.04035155  0.04035155    0.01868145 -0.01868145    0.07824488  0.07824488
  0.01867600 -0.01867600   -0.04912055  0.04912055    0.01251735  0.01251735
  0.07820382  0.07820382    0.01265577  0.01265577   -0.04394677  0.04394677
    2    2
  0.18328871  0.00000000    0.00345329  0.00000000   -0.00000000 -0.00127535
  0.00345329  0.00000000    0.23686761  0.00000000   -0.00000000 -0.00669447
  0.00000000  0.00127535    0.00000000  0.00669447    0.18493224  0.00000000

     Dynamical  Matrix in cartesian axes

     q = (    1.000000000   0.750000000  -0.250000000 ) 

    1    1
  0.18896052 -0.00000000   -0.00000000  0.00127608   -0.00000000 -0.00643391
 -0.00000000 -0.00127608    0.18800328 -0.00000000   -0.00305621  0.00000000
 -0.00000000  0.00643391   -0.00305621  0.00000000    0.24152888 -0.00000000
    1    2
 -0.04394677  0.04394677    0.07824488  0.07824488   -0.01251735 -0.01251735
  0.07820382  0.07820382   -0.04035155  0.04035155   -0.01867600  0.01867600
 -0.01265577 -0.01265577   -0.01868145  0.01868145   -0.04912055  0.04912055
    2    1
 -0.04394677 -0.04394677    0.07820382 -0.07820382   -0.01265577  0.01265577
  0.07824488 -0.07824488   -0.04035155 -0.04035155   -0.01868145 -0.01868145
 -0.01251735  0.01251735   -0.01867600 -0.01867600   -0.04912055 -0.04912055
    2    2
  0.18493224  0.00000000    0.00000000 -0.00127535    0.00000000  0.00669447
  0.00000000  0.00127535    0.18328871  0.00000000   -0.00345329  0.00000000
 -0.00000000 -0.00669447   -0.00345329  0.00000000    0.23686761  0.00000000

     Dynamical  Matrix in cartesian axes

     q = (   -0.750000000  -1.000000000  -0.250000000 ) 

    1    1
  0.18800328 -0.00000000   -0.00000000 -0.00127608    0.00305621 -0.00000000
 -0.00000000  0.00127608    0.18896052 -0.00000000    0.00000000  0.00643391
  0.00305621 -0.00000000    0.00000000 -0.00643391    0.24152888 -0.00000000
    1    2
 -0.04035155  0.04035155    0.07820382  0.07820382    0.01867600 -0.01867600
  0.07824488  0.07824488   -0.04394677  0.04394677    0.01251735  0.01251735
  0.01868145 -0.01868145    0.01265577  0.01265577   -0.04912055  0.04912055
    2    1
 -0.04035155 -0.04035155    0.07824488 -0.07824488    0.01868145  0.01868145
  0.07820382 -0.07820382   -0.04394677 -0.04394677    0.01265577 -0.01265577
  0.01867600  0.01867600    0.01251735 -0.01251735   -0.04912055 -0.04912055
    2    2
  0.18328871  0.00000000    0.00000000  0.00127535    0.00345329  0.00000000
  0.00000000 -0.00127535    0.18493224  0.00000000    0.00000000 -0.00669447
  0.00345329  0.00000000    0.00000000  0.00669447    0.23686761  0.00000000

     Dynamical  Matrix in cartesian axes

     q = (   -1.000000000  -0.750000000  -0.250000000 ) 

    1    1
  0.18896052 -0.00000000   -0.00000000  0.00127608   -0.00000000  0.00643391
  0.00000000 -0.00127608    0.18800328 -0.00000000    0.00305621  0.00000000
  0.00000000 -0.00643391    0.00305621  0.00000000    0.24152888 -0.00000000
    1    2
  0.00000000  0.06215012    0.11065497  0.00000000    0.01770220  0.00000000
  0.11059690  0.00000000    0.00000000  0.05706571   -0.00000000 -0.02641185
  0.01789796 -0.00000000    0.00000000 -0.02641955    0.00000000  0.06946694
    2    1
  0.00000000 -0.06215012    0.11059690  0.00000000    0.01789796 -0.00000000
  0.11065497  0.00000000    0.00000000 -0.05706571    0.00000000  0.02641955
  0.01770220  0.00000000    0.00000000  0.02641185    0.00000000 -0.06946694
    2    2
  0.18493224  0.00000000    0.00000000 -0.00127535    0.00000000 -0.00669447
  0.00000000  0.00127535    0.18328871  0.00000000    0.00345329  0.00000000
 -0.00000000  0.00669447    0.00345329  0.00000000    0.23686761  0.00000000

     Dynamical  Matrix in cartesian axes

     q = (   -1.000000000   0.750000000   0.250000000 ) 

    1    1
  0.18896052  0.00000000   -0.00000000 -0.00127608   -0.00000000 -0.00643391
  0.00000000  0.00127608    0.18800328  0.00000000    0.00305621  0.00000000
  0.00000000  0.00643391    0.00305621 -0.00000000    0.24152888  0.00000000
    1    2
  0.00000000 -0.06215012    0.11065497  0.00000000    0.01770220 -0.00000000
  0.11059690  0.00000000    0.00000000 -0.05706571   -0.00000000  0.02641185
  0.01789796  0.00000000   -0.00000000  0.02641955    0.00000000 -0.06946694
    2    1
  0.00000000  0.06215012    0.11059690 -0.00000000    0.01789796 -0.00000000
  0.11065497 -0.00000000    0.00000000  0.05706571   -0.00000000 -0.02641955
  0.01770220 -0.00000000   -0.00000000 -0.02641185    0.00000000  0.06946694
    2    2
  0.18493224  0.00000000    0.00000000  0.00127535    0.00000000  0.00669447
  0.00000000 -0.00127535    0.18328871  0.00000000    0.00345329  0.00000000
 -0.00000000 -0.00669447    0.00345329  0.00000000    0.23686761  0.00000000

     Dynamical  Matrix in cartesian axes

     q = (   -0.750000000   1.000000000   0.250000000 ) 

    1    1
  0.18800328  0.00000000   -0.00000000  0.00127608   -0.00305621  0.00000000
  0.00000000 -0.00127608    0.18896052  0.00000000    0.00000000  0.00643391
 -0.00305621  0.00000000    0.00000000 -0.00643391    0.24152888  0.00000000
    1    2
  0.00000000 -0.05706571    0.11059690  0.00000000    0.00000000 -0.02641185
  0.11065497  0.00000000    0.00000000 -0.06215012   -0.01770220  0.00000000
  0.00000000 -0.02641955   -0.01789796  0.00000000    0.00000000 -0.06946694
    2    1
  0.00000000  0.05706571    0.11065497 -0.00000000    0.00000000  0.02641955
  0.11059690 -0.00000000    0.00000000  0.06215012   -0.01789796  0.00000000
  0.00000000  0.02641185   -0.01770220  0.00000000    0.00000000  0.06946694
    2    2
  0.18328871  0.00000000    0.00000000 -0.00127535   -0.00345329  0.00000000
  0.00000000  0.00127535    0.18493224  0.00000000    0.00000000 -0.00669447
 -0.00345329  0.00000000    0.00000000  0.00669447    0.23686761  0.00000000

     Dynamical  Matrix in cartesian axes

     q = (   -0.250000000   0.750000000   1.000000000 ) 

    1    1
  0.24152888  0.00000000   -0.00305621  0.00000000    0.00000000  0.00643391
 -0.00305621  0.00000000    0.18800328  0.00000000    0.00000000 -0.00127608
  0.00000000 -0.00643391    0.00000000  0.00127608    0.18896052  0.00000000
    1    2
  0.00000000 -0.06946694    0.00000000 -0.02641955    0.01789796 -0.00000000
  0.00000000 -0.02641185    0.00000000 -0.05706571   -0.11059690 -0.00000000
  0.01770220  0.00000000   -0.11065497 -0.00000000    0.00000000 -0.06215012
    2    1
  0.00000000  0.06946694    0.00000000  0.02641185    0.01770220  0.00000000
  0.00000000  0.02641955    0.00000000  0.05706571   -0.11065497  0.00000000
  0.01789796  0.00000000   -0.11059690  0.00000000    0.00000000  0.06215012
    2    2
  0.23686761  0.00000000   -0.00345329  0.00000000    0.00000000 -0.00669447
 -0.00345329  0.00000000    0.18328871  0.00000000    0.00000000  0.00127535
  0.00000000  0.00669447    0.00000000 -0.00127535    0.18493224  0.00000000

     Dynamical  Matrix in cartesian axes

     q = (    0.250000000   0.750000000  -1.000000000 ) 

    1    1
  0.24152888 -0.00000000    0.00305621  0.00000000   -0.00000000  0.00643391
  0.00305621  0.00000000    0.18800328 -0.00000000    0.00000000  0.00127608
 -0.00000000 -0.00643391    0.00000000 -0.00127608    0.18896052 -0.00000000
    1    2
 -0.04912055  0.04912055    0.01868145 -0.01868145   -0.01265577 -0.01265577
  0.01867600 -0.01867600   -0.04035155  0.04035155   -0.07820382 -0.07820382
 -0.01251735 -0.01251735   -0.07824488 -0.07824488   -0.04394677  0.04394677
    2    1
 -0.04912055 -0.04912055    0.01867600  0.01867600   -0.01251735  0.01251735
  0.01868145  0.01868145   -0.04035155 -0.04035155   -0.07824488  0.07824488
 -0.01265577  0.01265577   -0.07820382  0.07820382   -0.04394677 -0.04394677
    2    2
  0.23686761  0.00000000    0.00345329  0.00000000    0.00000000 -0.00669447
  0.00345329  0.00000000    0.18328871  0.00000000    0.00000000 -0.00127535
  0.00000000  0.00669447    0.00000000  0.00127535    0.18493224  0.00000000

     Dynamical  Matrix in cartesian axes

     q = (   -0.250000000  -0.750000000  -1.000000000 ) 

    1    1
  0.24152888 -0.00000000    0.00305621  0.00000000    0.00000000 -0.00643391
  0.00305621  0.00000000    0.18800328 -0.00000000    0.00000000 -0.00127608
  0.00000000  0.00643391    0.00000000  0.00127608    0.18896052 -0.00000000
    1    2
 -0.04912055 -0.04912055    0.01868145  0.01868145   -0.01265577  0.01265577
  0.01867600  0.01867600   -0.04035155 -0.04035155   -0.07820382  0.07820382
 -0.01251735  0.01251735   -0.07824488  0.07824488   -0.04394677 -0.04394677
    2    1
 -0.04912055  0.04912055    0.01867600 -0.01867600   -0.01251735 -0.01251735
  0.01868145 -0.01868145   -0.04035155  0.04035155   -0.07824488 -0.07824488
 -0.01265577 -0.01265577   -0.07820382 -0.07820382   -0.04394677  0.04394677
    2    2
  0.23686761  0.00000000    0.00345329  0.00000000    0.00000000  0.00669447
  0.00345329  0.00000000    0.18328871  0.00000000    0.00000000  0.00127535
  0.00000000 -0.00669447    0.00000000 -0.00127535    0.18493224  0.00000000

     Dynamical  Matrix in cartesian axes

     q = (    0.250000000  -0.750000000   1.000000000 ) 

    1    1
  0.24152888  0.00000000   -0.00305621  0.00000000    0.00000000 -0.00643391
 -0.00305621  0.00000000    0.18800328  0.00000000    0.00000000  0.00127608
  0.00000000  0.00643391    0.00000000 -0.00127608    0.18896052  0.00000000
    1    2
  0.00000000  0.06946694   -0.00000000  0.02641955    0.01789796  0.00000000
  0.00000000  0.02641185    0.00000000  0.05706571   -0.11059690  0.00000000
  0.01770220 -0.00000000   -0.11065497  0.00000000    0.00000000  0.06215012
    2    1
  0.00000000 -0.06946694   -0.00000000 -0.02641185    0.01770220  0.00000000
 -0.00000000 -0.02641955    0.00000000 -0.05706571   -0.11065497 -0.00000000
  0.01789796  0.00000000   -0.11059690 -0.00000000    0.00000000 -0.06215012
    2    2
  0.23686761  0.00000000   -0.00345329  0.00000000    0.00000000  0.00669447
 -0.00345329  0.00000000    0.18328871  0.00000000    0.00000000 -0.00127535
  0.00000000 -0.00669447    0.00000000  0.00127535    0.18493224  0.00000000

     Dynamical  Matrix in cartesian axes

     q = (   -0.250000000   1.000000000   0.750000000 ) 

    1    1
  0.24152888  0.00000000    0.00000000  0.00643391   -0.00305621  0.00000000
  0.00000000 -0.00643391    0.18896052  0.00000000    0.00000000  0.00127608
 -0.00305621  0.00000000    0.00000000 -0.00127608    0.18800328  0.00000000
    1    2
  0.00000000 -0.06946694    0.01789796  0.00000000    0.00000000 -0.02641955
  0.01770220  0.00000000    0.00000000 -0.06215012   -0.11065497 -0.00000000
  0.00000000 -0.02641185   -0.11059690 -0.00000000    0.00000000 -0.05706571
    2    1
  0.00000000  0.06946694    0.01770220  0.00000000    0.00000000  0.02641185
  0.01789796  0.00000000    0.00000000  0.06215012   -0.11059690  0.00000000
  0.00000000  0.02641955   -0.11065497  0.00000000    0.00000000  0.05706571
    2    2
  0.23686761  0.00000000    0.00000000 -0.00669447   -0.00345329  0.00000000
 -0.00000000  0.00669447    0.18493224  0.00000000   -0.00000000 -0.00127535
 -0.00345329  0.00000000    0.00000000  0.00127535    0.18328871  0.00000000

     Dynamical  Matrix in cartesian axes

     q = (   -0.250000000  -1.000000000  -0.750000000 ) 

    1    1
  0.24152888 -0.00000000    0.00000000 -0.00643391    0.00305621 -0.00000000
  0.00000000  0.00643391    0.18896052 -0.00000000    0.00000000  0.00127608
  0.00305621 -0.00000000    0.00000000 -0.00127608    0.18800328 -0.00000000
    1    2
 -0.04912055 -0.04912055   -0.01265577  0.01265577    0.01868145  0.01868145
 -0.01251735  0.01251735   -0.04394677 -0.04394677   -0.07824488  0.07824488
  0.01867600  0.01867600   -0.07820382  0.07820382   -0.04035155 -0.04035155
    2    1
 -0.04912055  0.04912055   -0.01251735 -0.01251735    0.01867600 -0.01867600
 -0.01265577 -0.01265577   -0.04394677  0.04394677   -0.07820382 -0.07820382
  0.01868145 -0.01868145   -0.07824488 -0.07824488   -0.04035155  0.04035155
    2    2
  0.23686761  0.00000000    0.00000000  0.00669447    0.00345329  0.00000000
 -0.00000000 -0.00669447    0.18493224  0.00000000   -0.00000000 -0.00127535
  0.00345329  0.00000000    0.00000000  0.00127535    0.18328871  0.00000000

     Dynamical  Matrix in cartesian axes

     q = (    0.250000000  -1.000000000   0.750000000 ) 

    1    1
  0.24152888  0.00000000    0.00000000  0.00643391    0.00305621  0.00000000
 -0.00000000 -0.00643391    0.18896052  0.00000000    0.00000000 -0.00127608
  0.00305621  0.00000000    0.00000000  0.00127608    0.18800328  0.00000000
    1    2
 -0.04912055  0.04912055   -0.01265577 -0.01265577    0.01868145 -0.01868145
 -0.01251735 -0.01251735   -0.04394677  0.04394677   -0.07824488 -0.07824488
  0.01867600 -0.01867600   -0.07820382 -0.07820382   -0.04035155  0.04035155
    2    1
 -0.04912055 -0.04912055   -0.01251735  0.01251735    0.01867600  0.01867600
 -0.01265577  0.01265577   -0.04394677 -0.04394677   -0.07820382  0.07820382
  0.01868145  0.01868145   -0.07824488  0.07824488   -0.04035155 -0.04035155
    2    2
  0.23686761  0.00000000    0.00000000 -0.00669447    0.00345329  0.00000000
 -0.00000000  0.00669447    0.18493224  0.00000000   -0.00000000  0.00127535
  0.00345329  0.00000000    0.00000000 -0.00127535    0.18328871  0.00000000

     Dynamical  Matrix in cartesian axes

     q = (    0.250000000   1.000000000  -0.750000000 ) 

    1    1
  0.24152888 -0.00000000    0.00000000 -0.00643391   -0.00305621 -0.00000000
  0.00000000  0.00643391    0.18896052 -0.00000000    0.00000000 -0.00127608
 -0.00305621 -0.00000000    0.00000000  0.00127608    0.18800328 -0.00000000
    1    2
 -0.00000000  0.06946694    0.01789796  0.00000000   -0.00000000  0.02641955
  0.01770220 -0.00000000   -0.00000000  0.06215012   -0.11065497  0.00000000
 -0.00000000  0.02641185   -0.11059690  0.00000000   -0.00000000  0.05706571
    2    1
  0.00000000 -0.06946694    0.01770220  0.00000000    0.00000000 -0.02641185
  0.01789796 -0.00000000    0.00000000 -0.06215012   -0.11059690 -0.00000000
  0.00000000 -0.02641955   -0.11065497 -0.00000000    0.00000000 -0.05706571
    2    2
  0.23686761  0.00000000    0.00000000  0.00669447   -0.00345329  0.00000000
 -0.00000000 -0.00669447    0.18493224  0.00000000   -0.00000000  0.00127535
 -0.00345329  0.00000000    0.00000000 -0.00127535    0.18328871  0.00000000

     Dynamical  Matrix in cartesian axes

     q = (    0.750000000   1.000000000  -0.250000000 ) 

    1    1
  0.18800328 -0.00000000   -0.00000000 -0.00127608   -0.00305621 -0.00000000
  0.00000000  0.00127608    0.18896052 -0.00000000    0.00000000 -0.00643391
 -0.00305621 -0.00000000    0.00000000  0.00643391    0.24152888 -0.00000000
    1    2
  0.00000000  0.05706571    0.11059690  0.00000000    0.00000000  0.02641185
  0.11065497 -0.00000000   -0.00000000  0.06215012   -0.01770220  0.00000000
  0.00000000  0.02641955   -0.01789796  0.00000000    0.00000000  0.06946694
    2    1
  0.00000000 -0.05706571    0.11065497  0.00000000    0.00000000 -0.02641955
  0.11059690  0.00000000    0.00000000 -0.06215012   -0.01789796  0.00000000
  0.00000000 -0.02641185   -0.01770220  0.00000000    0.00000000 -0.06946694
    2    2
  0.18328871  0.00000000    0.00000000  0.00127535   -0.00345329  0.00000000
  0.00000000 -0.00127535    0.18493224  0.00000000    0.00000000  0.00669447
 -0.00345329  0.00000000    0.00000000 -0.00669447    0.23686761  0.00000000

     Dynamical  Matrix in cartesian axes

     q = (    1.000000000  -0.750000000   0.250000000 ) 

    1    1
  0.18896052  0.00000000    0.00000000 -0.00127608    0.00000000  0.00643391
 -0.00000000  0.00127608    0.18800328  0.00000000   -0.00305621  0.00000000
  0.00000000 -0.00643391   -0.00305621  0.00000000    0.24152888  0.00000000
    1    2
 -0.04394677 -0.04394677    0.07824488 -0.07824488   -0.01251735  0.01251735
  0.07820382 -0.07820382   -0.04035155 -0.04035155   -0.01867600 -0.01867600
 -0.01265577  0.01265577   -0.01868145 -0.01868145   -0.04912055 -0.04912055
    2    1
 -0.04394677  0.04394677    0.07820382  0.07820382   -0.01265577 -0.01265577
  0.07824488  0.07824488   -0.04035155  0.04035155   -0.01868145  0.01868145
 -0.01251735 -0.01251735   -0.01867600  0.01867600   -0.04912055  0.04912055
    2    2
  0.18493224  0.00000000    0.00000000  0.00127535    0.00000000 -0.00669447
  0.00000000 -0.00127535    0.18328871  0.00000000   -0.00345329  0.00000000
 -0.00000000  0.00669447   -0.00345329  0.00000000    0.23686761  0.00000000

     Dynamical  Matrix in cartesian axes

     q = (    0.750000000  -1.000000000   0.250000000 ) 

    1    1
  0.18800328  0.00000000    0.00000000  0.00127608    0.00305621  0.00000000
 -0.00000000 -0.00127608    0.18896052  0.00000000   -0.00000000 -0.00643391
  0.00305621  0.00000000   -0.00000000  0.00643391    0.24152888  0.00000000
    1    2
 -0.04035155 -0.04035155    0.07820382 -0.07820382    0.01867600  0.01867600
  0.07824488 -0.07824488   -0.04394677 -0.04394677    0.01251735 -0.01251735
  0.01868145  0.01868145    0.01265577 -0.01265577   -0.04912055 -0.04912055
    2    1
 -0.04035155  0.04035155    0.07824488  0.07824488    0.01868145 -0.01868145
  0.07820382  0.07820382   -0.04394677  0.04394677    0.01265577  0.01265577
  0.01867600 -0.01867600    0.01251735  0.01251735   -0.04912055  0.04912055
    2    2
  0.18328871  0.00000000    0.00000000 -0.00127535    0.00345329  0.00000000
  0.00000000  0.00127535    0.18493224  0.00000000    0.00000000  0.00669447
  0.00345329  0.00000000    0.00000000 -0.00669447    0.23686761  0.00000000

     Diagonalizing the dynamical matrix

     q = (    0.750000000  -0.250000000   1.000000000 ) 

 **************************************************************************
     freq (    1) =       3.069437 [THz] =     102.385393 [cm-1]
 ( -0.305420  0.000000  0.070426  0.000000  0.000000 -0.626519 ) 
 ( -0.000000  0.420625  0.000000 -0.050036  0.574285  0.000000 ) 
     freq (    2) =       3.135244 [THz] =     104.580486 [cm-1]
 ( -0.633232 -0.000000 -0.080186 -0.000000 -0.000000  0.290665 ) 
 (  0.000000 -0.578579  0.000000 -0.092968  0.405837  0.000000 ) 
     freq (    3) =       5.159337 [THz] =     172.096961 [cm-1]
 (  0.010559  0.000000  0.671237  0.000000 -0.000000  0.184503 ) 
 ( -0.000000  0.004200 -0.000000  0.694365  0.182007  0.000000 ) 
     freq (    4) =       6.946091 [THz] =     231.696651 [cm-1]
 (  0.426198  0.000000 -0.481957 -0.000000  0.000000 -0.314174 ) 
 (  0.000000 -0.425476 -0.000000  0.468039  0.295429  0.000000 ) 
     freq (    5) =       7.271011 [THz] =     242.534810 [cm-1]
 (  0.466438 -0.000000  0.510708 -0.000000 -0.000000 -0.155825 ) 
 ( -0.000000 -0.394044 -0.000000 -0.524715  0.258331  0.000000 ) 
     freq (    6) =       7.282574 [THz] =     242.920526 [cm-1]
 (  0.326214  0.000000 -0.212005  0.000000  0.000000  0.604946 ) 
 (  0.000000  0.389874  0.000000 -0.111013  0.564228  0.000000 ) 
 **************************************************************************
