Dynamical matrix file
YOU NEED TO PUT HERE SOME TITLE :)                                         
  1    2  2 11.0000000  0.0000000  0.0000000  0.0000000  0.0000000  0.0000000
           1  'Ge  '    66207.3097484883     
    1    1      0.0000000000      0.0000000000      0.0000000000
    2    1     -0.2500000000      0.2500000000      0.2500000000

     Dynamical  Matrix in cartesian axes

     q = (   -0.250000000   0.250000000  -0.250000000 ) 

    1    1
  0.23073434  0.00000000   -0.00754282  0.00000000    0.00754282  0.00000000
 -0.00754282  0.00000000    0.23073434  0.00000000   -0.00754282  0.00000000
  0.00754282  0.00000000   -0.00754282  0.00000000    0.23073434  0.00000000
    1    2
 -0.17676461  0.05238221   -0.02374000 -0.02244205    0.02374000  0.02244205
 -0.02374000 -0.02244205   -0.17676461  0.05238221   -0.02374000 -0.02244205
  0.02374000  0.02244205   -0.02374000 -0.02244205   -0.17676461  0.05238221
    2    1
 -0.17676461 -0.05238221   -0.02374000  0.02244205    0.02374000 -0.02244205
 -0.02374000  0.02244205   -0.17676461 -0.05238221   -0.02374000  0.02244205
  0.02374000 -0.02244205   -0.02374000  0.02244205   -0.17676461 -0.05238221
    2    2
  0.22560771  0.00000000   -0.00763203  0.00000000    0.00763203  0.00000000
 -0.00763203  0.00000000    0.22560771  0.00000000   -0.00763203  0.00000000
  0.00763203  0.00000000   -0.00763203  0.00000000    0.22560771  0.00000000

     Dynamical  Matrix in cartesian axes

     q = (    0.250000000  -0.250000000   0.250000000 ) 

    1    1
  0.23073434  0.00000000   -0.00754282  0.00000000    0.00754282  0.00000000
 -0.00754282  0.00000000    0.23073434  0.00000000   -0.00754282  0.00000000
  0.00754282  0.00000000   -0.00754282  0.00000000    0.23073434  0.00000000
    1    2
 -0.17676461 -0.05238221   -0.02374000  0.02244205    0.02374000 -0.02244205
 -0.02374000  0.02244205   -0.17676461 -0.05238221   -0.02374000  0.02244205
  0.02374000 -0.02244205   -0.02374000  0.02244205   -0.17676461 -0.05238221
    2    1
 -0.17676461  0.05238221   -0.02374000 -0.02244205    0.02374000  0.02244205
 -0.02374000 -0.02244205   -0.17676461  0.05238221   -0.02374000 -0.02244205
  0.02374000  0.02244205   -0.02374000 -0.02244205   -0.17676461  0.05238221
    2    2
  0.22560771  0.00000000   -0.00763203  0.00000000    0.00763203  0.00000000
 -0.00763203  0.00000000    0.22560771  0.00000000   -0.00763203  0.00000000
  0.00763203  0.00000000   -0.00763203  0.00000000    0.22560771  0.00000000

     Dynamical  Matrix in cartesian axes

     q = (    0.250000000  -0.250000000  -0.250000000 ) 

    1    1
  0.23073434  0.00000000   -0.00754282  0.00000000   -0.00754282  0.00000000
 -0.00754282  0.00000000    0.23073434  0.00000000    0.00754282  0.00000000
 -0.00754282  0.00000000    0.00754282  0.00000000    0.23073434  0.00000000
    1    2
 -0.05238221 -0.17676461    0.02244205 -0.02374000    0.02244205 -0.02374000
  0.02244205 -0.02374000   -0.05238221 -0.17676461   -0.02244205  0.02374000
  0.02244205 -0.02374000   -0.02244205  0.02374000   -0.05238221 -0.17676461
    2    1
 -0.05238221  0.17676461    0.02244205  0.02374000    0.02244205  0.02374000
  0.02244205  0.02374000   -0.05238221  0.17676461   -0.02244205 -0.02374000
  0.02244205  0.02374000   -0.02244205 -0.02374000   -0.05238221  0.17676461
    2    2
  0.22560771  0.00000000   -0.00763203  0.00000000   -0.00763203  0.00000000
 -0.00763203  0.00000000    0.22560771  0.00000000    0.00763203  0.00000000
 -0.00763203  0.00000000    0.00763203  0.00000000    0.22560771  0.00000000

     Dynamical  Matrix in cartesian axes

     q = (   -0.250000000   0.250000000   0.250000000 ) 

    1    1
  0.23073434  0.00000000   -0.00754282  0.00000000   -0.00754282  0.00000000
 -0.00754282  0.00000000    0.23073434  0.00000000    0.00754282  0.00000000
 -0.00754282  0.00000000    0.00754282  0.00000000    0.23073434  0.00000000
    1    2
 -0.05238221  0.17676461    0.02244205  0.02374000    0.02244205  0.02374000
  0.02244205  0.02374000   -0.05238221  0.17676461   -0.02244205 -0.02374000
  0.02244205  0.02374000   -0.02244205 -0.02374000   -0.05238221  0.17676461
    2    1
 -0.05238221 -0.17676461    0.02244205 -0.02374000    0.02244205 -0.02374000
  0.02244205 -0.02374000   -0.05238221 -0.17676461   -0.02244205  0.02374000
  0.02244205 -0.02374000   -0.02244205  0.02374000   -0.05238221 -0.17676461
    2    2
  0.22560771  0.00000000   -0.00763203  0.00000000   -0.00763203  0.00000000
 -0.00763203  0.00000000    0.22560771  0.00000000    0.00763203  0.00000000
 -0.00763203  0.00000000    0.00763203  0.00000000    0.22560771  0.00000000

     Dynamical  Matrix in cartesian axes

     q = (   -0.250000000  -0.250000000   0.250000000 ) 

    1    1
  0.23073434  0.00000000    0.00754282  0.00000000   -0.00754282  0.00000000
  0.00754282  0.00000000    0.23073434  0.00000000   -0.00754282  0.00000000
 -0.00754282  0.00000000   -0.00754282  0.00000000    0.23073434  0.00000000
    1    2
 -0.17676461  0.05238221    0.02374000  0.02244205   -0.02374000 -0.02244205
  0.02374000  0.02244205   -0.17676461  0.05238221   -0.02374000 -0.02244205
 -0.02374000 -0.02244205   -0.02374000 -0.02244205   -0.17676461  0.05238221
    2    1
 -0.17676461 -0.05238221    0.02374000 -0.02244205   -0.02374000  0.02244205
  0.02374000 -0.02244205   -0.17676461 -0.05238221   -0.02374000  0.02244205
 -0.02374000  0.02244205   -0.02374000  0.02244205   -0.17676461 -0.05238221
    2    2
  0.22560771  0.00000000    0.00763203  0.00000000   -0.00763203  0.00000000
  0.00763203  0.00000000    0.22560771  0.00000000   -0.00763203  0.00000000
 -0.00763203  0.00000000   -0.00763203  0.00000000    0.22560771  0.00000000

     Dynamical  Matrix in cartesian axes

     q = (    0.250000000   0.250000000  -0.250000000 ) 

    1    1
  0.23073434  0.00000000    0.00754282  0.00000000   -0.00754282  0.00000000
  0.00754282  0.00000000    0.23073434  0.00000000   -0.00754282  0.00000000
 -0.00754282  0.00000000   -0.00754282  0.00000000    0.23073434  0.00000000
    1    2
 -0.17676461 -0.05238221    0.02374000 -0.02244205   -0.02374000  0.02244205
  0.02374000 -0.02244205   -0.17676461 -0.05238221   -0.02374000  0.02244205
 -0.02374000  0.02244205   -0.02374000  0.02244205   -0.17676461 -0.05238221
    2    1
 -0.17676461  0.05238221    0.02374000  0.02244205   -0.02374000 -0.02244205
  0.02374000  0.02244205   -0.17676461  0.05238221   -0.02374000 -0.02244205
 -0.02374000 -0.02244205   -0.02374000 -0.02244205   -0.17676461  0.05238221
    2    2
  0.22560771  0.00000000    0.00763203  0.00000000   -0.00763203  0.00000000
  0.00763203  0.00000000    0.22560771  0.00000000   -0.00763203  0.00000000
 -0.00763203  0.00000000   -0.00763203  0.00000000    0.22560771  0.00000000

     Dynamical  Matrix in cartesian axes

     q = (    0.250000000   0.250000000   0.250000000 ) 

    1    1
  0.23073434  0.00000000    0.00754282  0.00000000    0.00754282  0.00000000
  0.00754282  0.00000000    0.23073434  0.00000000    0.00754282  0.00000000
  0.00754282  0.00000000    0.00754282  0.00000000    0.23073434  0.00000000
    1    2
 -0.17676461  0.05238221    0.02374000  0.02244205    0.02374000  0.02244205
  0.02374000  0.02244205   -0.17676461  0.05238221    0.02374000  0.02244205
  0.02374000  0.02244205    0.02374000  0.02244205   -0.17676461  0.05238221
    2    1
 -0.17676461 -0.05238221    0.02374000 -0.02244205    0.02374000 -0.02244205
  0.02374000 -0.02244205   -0.17676461 -0.05238221    0.02374000 -0.02244205
  0.02374000 -0.02244205    0.02374000 -0.02244205   -0.17676461 -0.05238221
    2    2
  0.22560771  0.00000000    0.00763203  0.00000000    0.00763203  0.00000000
  0.00763203  0.00000000    0.22560771  0.00000000    0.00763203  0.00000000
  0.00763203  0.00000000    0.00763203  0.00000000    0.22560771  0.00000000

     Dynamical  Matrix in cartesian axes

     q = (   -0.250000000  -0.250000000  -0.250000000 ) 

    1    1
  0.23073434  0.00000000    0.00754282  0.00000000    0.00754282  0.00000000
  0.00754282  0.00000000    0.23073434  0.00000000    0.00754282  0.00000000
  0.00754282  0.00000000    0.00754282  0.00000000    0.23073434  0.00000000
    1    2
 -0.17676461 -0.05238221    0.02374000 -0.02244205    0.02374000 -0.02244205
  0.02374000 -0.02244205   -0.17676461 -0.05238221    0.02374000 -0.02244205
  0.02374000 -0.02244205    0.02374000 -0.02244205   -0.17676461 -0.05238221
    2    1
 -0.17676461  0.05238221    0.02374000  0.02244205    0.02374000  0.02244205
  0.02374000  0.02244205   -0.17676461  0.05238221    0.02374000  0.02244205
  0.02374000  0.02244205    0.02374000  0.02244205   -0.17676461  0.05238221
    2    2
  0.22560771  0.00000000    0.00763203  0.00000000    0.00763203  0.00000000
  0.00763203  0.00000000    0.22560771  0.00000000    0.00763203  0.00000000
  0.00763203  0.00000000    0.00763203  0.00000000    0.22560771  0.00000000

     Diagonalizing the dynamical matrix

     q = (   -0.250000000   0.250000000  -0.250000000 ) 

 **************************************************************************
     freq (    1) =       1.707690 [THz] =      56.962415 [cm-1]
 (  0.069709  0.020262  0.524240 -0.047610  0.454531 -0.067872 ) 
 (  0.066806  0.030728  0.532326  0.030728  0.465520  0.000000 ) 
     freq (    2) =       1.707690 [THz] =      56.962415 [cm-1]
 ( -0.567336  0.043655 -0.227821 -0.007043  0.339515 -0.050698 ) 
 ( -0.574910 -0.041137 -0.227186 -0.041137  0.347724  0.000000 ) 
     freq (    3) =       3.650948 [THz] =     121.782501 [cm-1]
 (  0.323728 -0.243554 -0.323728  0.243554  0.323728 -0.243554 ) 
 (  0.411358  0.000000 -0.411358 -0.000000  0.411358  0.000000 ) 
     freq (    4) =       8.138255 [THz] =     271.462968 [cm-1]
 (  0.328716 -0.247307 -0.328716  0.247307  0.328716 -0.247307 ) 
 ( -0.405115 -0.000000  0.405115  0.000000 -0.405115  0.000000 ) 
     freq (    5) =       8.318798 [THz] =     277.485241 [cm-1]
 ( -0.289550  0.043526  0.285124 -0.042287  0.574674 -0.085813 ) 
 (  0.289061 -0.000282 -0.284558 -0.000282 -0.573619  0.000000 ) 
     freq (    6) =       8.318798 [THz] =     277.485241 [cm-1]
 ( -0.483275  0.135397 -0.485900  0.135788 -0.002625  0.000392 ) 
 (  0.491607 -0.061739  0.494227 -0.061739  0.002620  0.000000 ) 
 **************************************************************************
