Dynamical matrix file
YOU NEED TO PUT HERE SOME TITLE :)                                         
  1    2  2 11.0000000  0.0000000  0.0000000  0.0000000  0.0000000  0.0000000
           1  'Ge  '    66207.3097484883     
    1    1      0.0000000000      0.0000000000      0.0000000000
    2    1     -0.2500000000      0.2500000000      0.2500000000

     Dynamical  Matrix in cartesian axes

     q = (    0.500000000  -0.250000000   0.750000000 ) 

    1    1
  0.20091234  0.00000000   -0.00379352 -0.00302122    0.00379352 -0.00302122
 -0.00379352  0.00302122    0.21716820 -0.00000000   -0.00682507  0.00816519
  0.00379352  0.00302122   -0.00682507 -0.00816519    0.21716820 -0.00000000
    1    2
 -0.05474312  0.05474312   -0.01356458  0.06965125    0.06965125 -0.01356458
 -0.01333342  0.06960394   -0.06773604  0.05657032   -0.02664344  0.02676812
  0.06960394 -0.01333342   -0.02676812  0.02664344   -0.05657032  0.06773604
    2    1
 -0.05474312 -0.05474312   -0.01333342 -0.06960394    0.06960394  0.01333342
 -0.01356458 -0.06965125   -0.06773604 -0.05657032   -0.02676812 -0.02664344
  0.06965125  0.01356458   -0.02664344 -0.02676812   -0.05657032 -0.06773604
    2    2
  0.19584361  0.00000000   -0.00402200  0.00302276    0.00402200  0.00302276
 -0.00402200 -0.00302276    0.21192936  0.00000000   -0.00714687 -0.00857429
  0.00402200 -0.00302276   -0.00714687  0.00857429    0.21192936  0.00000000

     Dynamical  Matrix in cartesian axes

     q = (    0.750000000  -0.250000000   0.500000000 ) 

    1    1
  0.21716820 -0.00000000   -0.00682507 -0.00816519    0.00379352  0.00302122
 -0.00682507  0.00816519    0.21716820 -0.00000000   -0.00379352  0.00302122
  0.00379352 -0.00302122   -0.00379352 -0.00302122    0.20091234 -0.00000000
    1    2
 -0.08789787  0.00789536   -0.03776768 -0.00008816    0.05864557  0.03978927
 -0.03776768  0.00008816   -0.08789787 -0.00789536   -0.05864557  0.03978927
  0.05884248  0.03965926   -0.05884248  0.03965926   -0.07741846  0.00000000
    2    1
 -0.08789787 -0.00789536   -0.03776768 -0.00008816    0.05884248 -0.03965926
 -0.03776768  0.00008816   -0.08789787  0.00789536   -0.05884248 -0.03965926
  0.05864557 -0.03978927   -0.05864557 -0.03978927   -0.07741846 -0.00000000
    2    2
  0.21192936  0.00000000   -0.00714687  0.00857429    0.00402200 -0.00302276
 -0.00714687 -0.00857429    0.21192936  0.00000000   -0.00402200 -0.00302276
  0.00402200  0.00302276   -0.00402200  0.00302276    0.19584361  0.00000000

     Dynamical  Matrix in cartesian axes

     q = (   -0.500000000  -0.250000000  -0.750000000 ) 

    1    1
  0.20091234  0.00000000    0.00379352  0.00302122    0.00379352 -0.00302122
  0.00379352 -0.00302122    0.21716820 -0.00000000    0.00682507 -0.00816519
  0.00379352  0.00302122    0.00682507  0.00816519    0.21716820 -0.00000000
    1    2
 -0.07741846  0.00000000    0.05884248 -0.03965926    0.05884248  0.03965926
  0.05864557 -0.03978927   -0.08789787 -0.00789536    0.03776768 -0.00008816
  0.05864557  0.03978927    0.03776768  0.00008816   -0.08789787  0.00789536
    2    1
 -0.07741846 -0.00000000    0.05864557  0.03978927    0.05864557 -0.03978927
  0.05884248  0.03965926   -0.08789787  0.00789536    0.03776768 -0.00008816
  0.05884248 -0.03965926    0.03776768  0.00008816   -0.08789787 -0.00789536
    2    2
  0.19584361 -0.00000000    0.00402200 -0.00302276    0.00402200  0.00302276
  0.00402200  0.00302276    0.21192936 -0.00000000    0.00714687  0.00857429
  0.00402200 -0.00302276    0.00714687 -0.00857429    0.21192936 -0.00000000

     Dynamical  Matrix in cartesian axes

     q = (   -0.750000000  -0.250000000  -0.500000000 ) 

    1    1
  0.21716820  0.00000000    0.00682507  0.00816519    0.00379352  0.00302122
  0.00682507 -0.00816519    0.21716820  0.00000000    0.00379352 -0.00302122
  0.00379352 -0.00302122    0.00379352  0.00302122    0.20091234  0.00000000
    1    2
 -0.05657032  0.06773604    0.02676812 -0.02664344    0.06960394 -0.01333342
  0.02664344 -0.02676812   -0.06773604  0.05657032    0.01333342 -0.06960394
  0.06965125 -0.01356458    0.01356458 -0.06965125   -0.05474312  0.05474312
    2    1
 -0.05657032 -0.06773604    0.02664344  0.02676812    0.06965125  0.01356458
  0.02676812  0.02664344   -0.06773604 -0.05657032    0.01356458  0.06965125
  0.06960394  0.01333342    0.01333342  0.06960394   -0.05474312 -0.05474312
    2    2
  0.21192936  0.00000000    0.00714687 -0.00857429    0.00402200 -0.00302276
  0.00714687  0.00857429    0.21192936  0.00000000    0.00402200  0.00302276
  0.00402200  0.00302276    0.00402200 -0.00302276    0.19584361  0.00000000

     Dynamical  Matrix in cartesian axes

     q = (   -0.750000000   0.250000000   0.500000000 ) 

    1    1
  0.21716820 -0.00000000   -0.00682507 -0.00816519   -0.00379352 -0.00302122
 -0.00682507  0.00816519    0.21716820 -0.00000000    0.00379352 -0.00302122
 -0.00379352  0.00302122    0.00379352  0.00302122    0.20091234 -0.00000000
    1    2
  0.08789787 -0.00789536    0.03776768  0.00008816    0.05864557  0.03978927
  0.03776768 -0.00008816    0.08789787  0.00789536   -0.05864557  0.03978927
  0.05884248  0.03965926   -0.05884248  0.03965926    0.07741846 -0.00000000
    2    1
  0.08789787  0.00789536    0.03776768  0.00008816    0.05884248 -0.03965926
  0.03776768 -0.00008816    0.08789787 -0.00789536   -0.05884248 -0.03965926
  0.05864557 -0.03978927   -0.05864557 -0.03978927    0.07741846  0.00000000
    2    2
  0.21192936  0.00000000   -0.00714687  0.00857429   -0.00402200  0.00302276
 -0.00714687 -0.00857429    0.21192936  0.00000000    0.00402200  0.00302276
 -0.00402200 -0.00302276    0.00402200 -0.00302276    0.19584361  0.00000000

     Dynamical  Matrix in cartesian axes

     q = (    0.750000000   0.250000000  -0.500000000 ) 

    1    1
  0.21716820  0.00000000    0.00682507  0.00816519   -0.00379352 -0.00302122
  0.00682507 -0.00816519    0.21716820  0.00000000   -0.00379352  0.00302122
 -0.00379352  0.00302122   -0.00379352 -0.00302122    0.20091234  0.00000000
    1    2
 -0.06773604 -0.05657032    0.02664344  0.02676812   -0.01333342 -0.06960394
  0.02676812  0.02664344   -0.05657032 -0.06773604   -0.06960394 -0.01333342
 -0.01356458 -0.06965125   -0.06965125 -0.01356458   -0.05474312 -0.05474312
    2    1
 -0.06773604  0.05657032    0.02676812 -0.02664344   -0.01356458  0.06965125
  0.02664344 -0.02676812   -0.05657032  0.06773604   -0.06965125  0.01356458
 -0.01333342  0.06960394   -0.06960394  0.01333342   -0.05474312  0.05474312
    2    2
  0.21192936  0.00000000    0.00714687 -0.00857429   -0.00402200  0.00302276
  0.00714687  0.00857429    0.21192936 -0.00000000   -0.00402200 -0.00302276
 -0.00402200 -0.00302276   -0.00402200  0.00302276    0.19584361  0.00000000

     Dynamical  Matrix in cartesian axes

     q = (   -0.500000000   0.250000000   0.750000000 ) 

    1    1
  0.20091234 -0.00000000   -0.00379352 -0.00302122   -0.00379352  0.00302122
 -0.00379352  0.00302122    0.21716820 -0.00000000    0.00682507 -0.00816519
 -0.00379352 -0.00302122    0.00682507  0.00816519    0.21716820 -0.00000000
    1    2
  0.07741846 -0.00000000    0.05884248 -0.03965926    0.05884248  0.03965926
  0.05864557 -0.03978927    0.08789787  0.00789536   -0.03776768  0.00008816
  0.05864557  0.03978927   -0.03776768 -0.00008816    0.08789787 -0.00789536
    2    1
  0.07741846  0.00000000    0.05864557  0.03978927    0.05864557 -0.03978927
  0.05884248  0.03965926    0.08789787 -0.00789536   -0.03776768  0.00008816
  0.05884248 -0.03965926   -0.03776768 -0.00008816    0.08789787  0.00789536
    2    2
  0.19584361  0.00000000   -0.00402200  0.00302276   -0.00402200 -0.00302276
 -0.00402200 -0.00302276    0.21192936 -0.00000000    0.00714687  0.00857429
 -0.00402200  0.00302276    0.00714687 -0.00857429    0.21192936 -0.00000000

     Dynamical  Matrix in cartesian axes

     q = (    0.500000000   0.250000000  -0.750000000 ) 

    1    1
  0.20091234  0.00000000    0.00379352  0.00302122   -0.00379352  0.00302122
  0.00379352 -0.00302122    0.21716820  0.00000000   -0.00682507  0.00816519
 -0.00379352 -0.00302122   -0.00682507 -0.00816519    0.21716820  0.00000000
    1    2
 -0.05474312 -0.05474312    0.06965125  0.01356458   -0.01356458 -0.06965125
  0.06960394  0.01333342   -0.05657032 -0.06773604   -0.02676812 -0.02664344
 -0.01333342 -0.06960394   -0.02664344 -0.02676812   -0.06773604 -0.05657032
    2    1
 -0.05474312  0.05474312    0.06960394 -0.01333342   -0.01333342  0.06960394
  0.06965125 -0.01356458   -0.05657032  0.06773604   -0.02664344  0.02676812
 -0.01356458  0.06965125   -0.02676812  0.02664344   -0.06773604  0.05657032
    2    2
  0.19584361 -0.00000000    0.00402200 -0.00302276   -0.00402200 -0.00302276
  0.00402200  0.00302276    0.21192936  0.00000000   -0.00714687 -0.00857429
 -0.00402200  0.00302276   -0.00714687  0.00857429    0.21192936 -0.00000000

     Dynamical  Matrix in cartesian axes

     q = (    0.750000000   0.500000000  -0.250000000 ) 

    1    1
  0.21716820 -0.00000000    0.00379352  0.00302122   -0.00682507 -0.00816519
  0.00379352 -0.00302122    0.20091234  0.00000000   -0.00379352 -0.00302122
 -0.00682507  0.00816519   -0.00379352  0.00302122    0.21716820 -0.00000000
    1    2
 -0.08789787  0.00789536    0.05864557  0.03978927   -0.03776768 -0.00008816
  0.05884248  0.03965926   -0.07741846  0.00000000   -0.05884248  0.03965926
 -0.03776768  0.00008816   -0.05864557  0.03978927   -0.08789787 -0.00789536
    2    1
 -0.08789787 -0.00789536    0.05884248 -0.03965926   -0.03776768 -0.00008816
  0.05864557 -0.03978927   -0.07741846 -0.00000000   -0.05864557 -0.03978927
 -0.03776768  0.00008816   -0.05884248 -0.03965926   -0.08789787  0.00789536
    2    2
  0.21192936  0.00000000    0.00402200 -0.00302276   -0.00714687  0.00857429
  0.00402200  0.00302276    0.19584361  0.00000000   -0.00402200  0.00302276
 -0.00714687 -0.00857429   -0.00402200 -0.00302276    0.21192936  0.00000000

     Dynamical  Matrix in cartesian axes

     q = (   -0.500000000  -0.750000000  -0.250000000 ) 

    1    1
  0.20091234 -0.00000000    0.00379352 -0.00302122    0.00379352  0.00302122
  0.00379352  0.00302122    0.21716820 -0.00000000    0.00682507  0.00816519
  0.00379352 -0.00302122    0.00682507 -0.00816519    0.21716820 -0.00000000
    1    2
 -0.07741846  0.00000000    0.05884248  0.03965926    0.05884248 -0.03965926
  0.05864557  0.03978927   -0.08789787  0.00789536    0.03776768  0.00008816
  0.05864557 -0.03978927    0.03776768 -0.00008816   -0.08789787 -0.00789536
    2    1
 -0.07741846 -0.00000000    0.05864557 -0.03978927    0.05864557  0.03978927
  0.05884248 -0.03965926   -0.08789787 -0.00789536    0.03776768  0.00008816
  0.05884248  0.03965926    0.03776768 -0.00008816   -0.08789787  0.00789536
    2    2
  0.19584361  0.00000000    0.00402200  0.00302276    0.00402200 -0.00302276
  0.00402200 -0.00302276    0.21192936  0.00000000    0.00714687 -0.00857429
  0.00402200  0.00302276    0.00714687  0.00857429    0.21192936  0.00000000

     Dynamical  Matrix in cartesian axes

     q = (   -0.750000000  -0.500000000  -0.250000000 ) 

    1    1
  0.21716820 -0.00000000    0.00379352  0.00302122    0.00682507  0.00816519
  0.00379352 -0.00302122    0.20091234  0.00000000    0.00379352  0.00302122
  0.00682507 -0.00816519    0.00379352 -0.00302122    0.21716820 -0.00000000
    1    2
 -0.05657032  0.06773604    0.06960394 -0.01333342    0.02676812 -0.02664344
  0.06965125 -0.01356458   -0.05474312  0.05474312    0.01356458 -0.06965125
  0.02664344 -0.02676812    0.01333342 -0.06960394   -0.06773604  0.05657032
    2    1
 -0.05657032 -0.06773604    0.06965125  0.01356458    0.02664344  0.02676812
  0.06960394  0.01333342   -0.05474312 -0.05474312    0.01333342  0.06960394
  0.02676812  0.02664344    0.01356458  0.06965125   -0.06773604 -0.05657032
    2    2
  0.21192936  0.00000000    0.00402200 -0.00302276    0.00714687 -0.00857429
  0.00402200  0.00302276    0.19584361  0.00000000    0.00402200 -0.00302276
  0.00714687  0.00857429    0.00402200  0.00302276    0.21192936  0.00000000

     Dynamical  Matrix in cartesian axes

     q = (   -0.750000000   0.500000000   0.250000000 ) 

    1    1
  0.21716820  0.00000000   -0.00379352 -0.00302122   -0.00682507 -0.00816519
 -0.00379352  0.00302122    0.20091234  0.00000000    0.00379352  0.00302122
 -0.00682507  0.00816519    0.00379352 -0.00302122    0.21716820  0.00000000
    1    2
  0.08789787 -0.00789536    0.05864557  0.03978927    0.03776768  0.00008816
  0.05884248  0.03965926    0.07741846 -0.00000000   -0.05884248  0.03965926
  0.03776768 -0.00008816   -0.05864557  0.03978927    0.08789787  0.00789536
    2    1
  0.08789787  0.00789536    0.05884248 -0.03965926    0.03776768  0.00008816
  0.05864557 -0.03978927    0.07741846  0.00000000   -0.05864557 -0.03978927
  0.03776768 -0.00008816   -0.05884248 -0.03965926    0.08789787 -0.00789536
    2    2
  0.21192936  0.00000000   -0.00402200  0.00302276   -0.00714687  0.00857429
 -0.00402200 -0.00302276    0.19584361  0.00000000    0.00402200 -0.00302276
 -0.00714687 -0.00857429    0.00402200  0.00302276    0.21192936  0.00000000

     Dynamical  Matrix in cartesian axes

     q = (   -0.500000000   0.750000000   0.250000000 ) 

    1    1
  0.20091234  0.00000000   -0.00379352  0.00302122   -0.00379352 -0.00302122
 -0.00379352 -0.00302122    0.21716820  0.00000000    0.00682507  0.00816519
 -0.00379352  0.00302122    0.00682507 -0.00816519    0.21716820  0.00000000
    1    2
  0.07741846  0.00000000    0.05884248  0.03965926    0.05884248 -0.03965926
  0.05864557  0.03978927    0.08789787 -0.00789536   -0.03776768 -0.00008816
  0.05864557 -0.03978927   -0.03776768  0.00008816    0.08789787  0.00789536
    2    1
  0.07741846  0.00000000    0.05864557 -0.03978927    0.05864557  0.03978927
  0.05884248 -0.03965926    0.08789787  0.00789536   -0.03776768 -0.00008816
  0.05884248  0.03965926   -0.03776768  0.00008816    0.08789787 -0.00789536
    2    2
  0.19584361  0.00000000   -0.00402200 -0.00302276   -0.00402200  0.00302276
 -0.00402200  0.00302276    0.21192936  0.00000000    0.00714687 -0.00857429
 -0.00402200 -0.00302276    0.00714687  0.00857429    0.21192936  0.00000000

     Dynamical  Matrix in cartesian axes

     q = (   -0.250000000   0.500000000   0.750000000 ) 

    1    1
  0.21716820 -0.00000000   -0.00379352  0.00302122   -0.00682507  0.00816519
 -0.00379352 -0.00302122    0.20091234 -0.00000000    0.00379352 -0.00302122
 -0.00682507 -0.00816519    0.00379352  0.00302122    0.21716820 -0.00000000
    1    2
  0.08789787  0.00789536    0.05864557 -0.03978927    0.03776768 -0.00008816
  0.05884248 -0.03965926    0.07741846  0.00000000   -0.05884248 -0.03965926
  0.03776768  0.00008816   -0.05864557 -0.03978927    0.08789787 -0.00789536
    2    1
  0.08789787 -0.00789536    0.05884248  0.03965926    0.03776768 -0.00008816
  0.05864557  0.03978927    0.07741846  0.00000000   -0.05864557  0.03978927
  0.03776768  0.00008816   -0.05884248  0.03965926    0.08789787  0.00789536
    2    2
  0.21192936  0.00000000   -0.00402200 -0.00302276   -0.00714687 -0.00857429
 -0.00402200  0.00302276    0.19584361  0.00000000    0.00402200  0.00302276
 -0.00714687  0.00857429    0.00402200 -0.00302276    0.21192936 -0.00000000

     Dynamical  Matrix in cartesian axes

     q = (    0.250000000   0.500000000  -0.750000000 ) 

    1    1
  0.21716820  0.00000000    0.00379352 -0.00302122   -0.00682507  0.00816519
  0.00379352  0.00302122    0.20091234  0.00000000   -0.00379352  0.00302122
 -0.00682507 -0.00816519   -0.00379352 -0.00302122    0.21716820 -0.00000000
    1    2
 -0.08789787 -0.00789536    0.05864557 -0.03978927   -0.03776768  0.00008816
  0.05884248 -0.03965926   -0.07741846  0.00000000   -0.05884248 -0.03965926
 -0.03776768 -0.00008816   -0.05864557 -0.03978927   -0.08789787  0.00789536
    2    1
 -0.08789787  0.00789536    0.05884248  0.03965926   -0.03776768  0.00008816
  0.05864557  0.03978927   -0.07741846 -0.00000000   -0.05864557  0.03978927
 -0.03776768 -0.00008816   -0.05884248  0.03965926   -0.08789787 -0.00789536
    2    2
  0.21192936 -0.00000000    0.00402200  0.00302276   -0.00714687 -0.00857429
  0.00402200 -0.00302276    0.19584361 -0.00000000   -0.00402200 -0.00302276
 -0.00714687  0.00857429   -0.00402200  0.00302276    0.21192936 -0.00000000

     Dynamical  Matrix in cartesian axes

     q = (   -0.250000000  -0.500000000  -0.750000000 ) 

    1    1
  0.21716820 -0.00000000    0.00379352 -0.00302122    0.00682507 -0.00816519
  0.00379352  0.00302122    0.20091234  0.00000000    0.00379352 -0.00302122
  0.00682507  0.00816519    0.00379352  0.00302122    0.21716820  0.00000000
    1    2
 -0.05657032 -0.06773604    0.06960394  0.01333342    0.02676812  0.02664344
  0.06965125  0.01356458   -0.05474312 -0.05474312    0.01356458  0.06965125
  0.02664344  0.02676812    0.01333342  0.06960394   -0.06773604 -0.05657032
    2    1
 -0.05657032  0.06773604    0.06965125 -0.01356458    0.02664344 -0.02676812
  0.06960394 -0.01333342   -0.05474312  0.05474312    0.01333342 -0.06960394
  0.02676812 -0.02664344    0.01356458 -0.06965125   -0.06773604  0.05657032
    2    2
  0.21192936 -0.00000000    0.00402200  0.00302276    0.00714687  0.00857429
  0.00402200 -0.00302276    0.19584361 -0.00000000    0.00402200  0.00302276
  0.00714687 -0.00857429    0.00402200 -0.00302276    0.21192936 -0.00000000

     Dynamical  Matrix in cartesian axes

     q = (    0.250000000  -0.500000000   0.750000000 ) 

    1    1
  0.21716820 -0.00000000   -0.00379352  0.00302122    0.00682507 -0.00816519
 -0.00379352 -0.00302122    0.20091234  0.00000000   -0.00379352  0.00302122
  0.00682507  0.00816519   -0.00379352 -0.00302122    0.21716820 -0.00000000
    1    2
 -0.06773604  0.05657032   -0.01333342  0.06960394    0.02664344 -0.02676812
 -0.01356458  0.06965125   -0.05474312  0.05474312   -0.06965125  0.01356458
  0.02676812 -0.02664344   -0.06960394  0.01333342   -0.05657032  0.06773604
    2    1
 -0.06773604 -0.05657032   -0.01356458 -0.06965125    0.02676812  0.02664344
 -0.01333342 -0.06960394   -0.05474312 -0.05474312   -0.06960394 -0.01333342
  0.02664344  0.02676812   -0.06965125 -0.01356458   -0.05657032 -0.06773604
    2    2
  0.21192936  0.00000000   -0.00402200 -0.00302276    0.00714687  0.00857429
 -0.00402200  0.00302276    0.19584361  0.00000000   -0.00402200 -0.00302276
  0.00714687 -0.00857429   -0.00402200  0.00302276    0.21192936  0.00000000

     Dynamical  Matrix in cartesian axes

     q = (   -0.250000000   0.750000000   0.500000000 ) 

    1    1
  0.21716820 -0.00000000   -0.00682507  0.00816519   -0.00379352  0.00302122
 -0.00682507 -0.00816519    0.21716820 -0.00000000    0.00379352  0.00302122
 -0.00379352 -0.00302122    0.00379352 -0.00302122    0.20091234 -0.00000000
    1    2
  0.08789787  0.00789536    0.03776768 -0.00008816    0.05864557 -0.03978927
  0.03776768  0.00008816    0.08789787 -0.00789536   -0.05864557 -0.03978927
  0.05884248 -0.03965926   -0.05884248 -0.03965926    0.07741846 -0.00000000
    2    1
  0.08789787 -0.00789536    0.03776768 -0.00008816    0.05884248  0.03965926
  0.03776768  0.00008816    0.08789787  0.00789536   -0.05884248  0.03965926
  0.05864557  0.03978927   -0.05864557  0.03978927    0.07741846  0.00000000
    2    2
  0.21192936  0.00000000   -0.00714687 -0.00857429   -0.00402200 -0.00302276
 -0.00714687  0.00857429    0.21192936  0.00000000    0.00402200 -0.00302276
 -0.00402200  0.00302276    0.00402200  0.00302276    0.19584361  0.00000000

     Dynamical  Matrix in cartesian axes

     q = (   -0.250000000  -0.750000000  -0.500000000 ) 

    1    1
  0.21716820  0.00000000    0.00682507 -0.00816519    0.00379352 -0.00302122
  0.00682507  0.00816519    0.21716820  0.00000000    0.00379352  0.00302122
  0.00379352  0.00302122    0.00379352 -0.00302122    0.20091234  0.00000000
    1    2
 -0.05657032 -0.06773604    0.02676812  0.02664344    0.06960394  0.01333342
  0.02664344  0.02676812   -0.06773604 -0.05657032    0.01333342  0.06960394
  0.06965125  0.01356458    0.01356458  0.06965125   -0.05474312 -0.05474312
    2    1
 -0.05657032  0.06773604    0.02664344 -0.02676812    0.06965125 -0.01356458
  0.02676812 -0.02664344   -0.06773604  0.05657032    0.01356458 -0.06965125
  0.06960394 -0.01333342    0.01333342 -0.06960394   -0.05474312  0.05474312
    2    2
  0.21192936  0.00000000    0.00714687  0.00857429    0.00402200  0.00302276
  0.00714687 -0.00857429    0.21192936  0.00000000    0.00402200 -0.00302276
  0.00402200 -0.00302276    0.00402200  0.00302276    0.19584361  0.00000000

     Dynamical  Matrix in cartesian axes

     q = (    0.250000000  -0.750000000   0.500000000 ) 

    1    1
  0.21716820 -0.00000000   -0.00682507  0.00816519    0.00379352 -0.00302122
 -0.00682507 -0.00816519    0.21716820 -0.00000000   -0.00379352 -0.00302122
  0.00379352  0.00302122   -0.00379352  0.00302122    0.20091234  0.00000000
    1    2
 -0.08789787 -0.00789536   -0.03776768  0.00008816    0.05864557 -0.03978927
 -0.03776768 -0.00008816   -0.08789787  0.00789536   -0.05864557 -0.03978927
  0.05884248 -0.03965926   -0.05884248 -0.03965926   -0.07741846  0.00000000
    2    1
 -0.08789787  0.00789536   -0.03776768  0.00008816    0.05884248  0.03965926
 -0.03776768 -0.00008816   -0.08789787 -0.00789536   -0.05884248  0.03965926
  0.05864557  0.03978927   -0.05864557  0.03978927   -0.07741846 -0.00000000
    2    2
  0.21192936  0.00000000   -0.00714687 -0.00857429    0.00402200  0.00302276
 -0.00714687  0.00857429    0.21192936  0.00000000   -0.00402200  0.00302276
  0.00402200 -0.00302276   -0.00402200 -0.00302276    0.19584361  0.00000000

     Dynamical  Matrix in cartesian axes

     q = (    0.250000000   0.750000000  -0.500000000 ) 

    1    1
  0.21716820  0.00000000    0.00682507 -0.00816519   -0.00379352  0.00302122
  0.00682507  0.00816519    0.21716820  0.00000000   -0.00379352 -0.00302122
 -0.00379352 -0.00302122   -0.00379352  0.00302122    0.20091234  0.00000000
    1    2
 -0.06773604  0.05657032    0.02664344 -0.02676812   -0.01333342  0.06960394
  0.02676812 -0.02664344   -0.05657032  0.06773604   -0.06960394  0.01333342
 -0.01356458  0.06965125   -0.06965125  0.01356458   -0.05474312  0.05474312
    2    1
 -0.06773604 -0.05657032    0.02676812  0.02664344   -0.01356458 -0.06965125
  0.02664344  0.02676812   -0.05657032 -0.06773604   -0.06965125 -0.01356458
 -0.01333342 -0.06960394   -0.06960394 -0.01333342   -0.05474312 -0.05474312
    2    2
  0.21192936 -0.00000000    0.00714687  0.00857429   -0.00402200 -0.00302276
  0.00714687 -0.00857429    0.21192936  0.00000000   -0.00402200  0.00302276
 -0.00402200  0.00302276   -0.00402200 -0.00302276    0.19584361 -0.00000000

     Dynamical  Matrix in cartesian axes

     q = (    0.500000000   0.750000000  -0.250000000 ) 

    1    1
  0.20091234  0.00000000    0.00379352 -0.00302122   -0.00379352 -0.00302122
  0.00379352  0.00302122    0.21716820  0.00000000   -0.00682507 -0.00816519
 -0.00379352  0.00302122   -0.00682507  0.00816519    0.21716820 -0.00000000
    1    2
 -0.05474312  0.05474312    0.06965125 -0.01356458   -0.01356458  0.06965125
  0.06960394 -0.01333342   -0.05657032  0.06773604   -0.02676812  0.02664344
 -0.01333342  0.06960394   -0.02664344  0.02676812   -0.06773604  0.05657032
    2    1
 -0.05474312 -0.05474312    0.06960394  0.01333342   -0.01333342 -0.06960394
  0.06965125  0.01356458   -0.05657032 -0.06773604   -0.02664344 -0.02676812
 -0.01356458 -0.06965125   -0.02676812 -0.02664344   -0.06773604 -0.05657032
    2    2
  0.19584361  0.00000000    0.00402200  0.00302276   -0.00402200  0.00302276
  0.00402200 -0.00302276    0.21192936 -0.00000000   -0.00714687  0.00857429
 -0.00402200 -0.00302276   -0.00714687 -0.00857429    0.21192936  0.00000000

     Dynamical  Matrix in cartesian axes

     q = (    0.750000000  -0.500000000   0.250000000 ) 

    1    1
  0.21716820 -0.00000000   -0.00379352 -0.00302122    0.00682507  0.00816519
 -0.00379352  0.00302122    0.20091234 -0.00000000   -0.00379352 -0.00302122
  0.00682507 -0.00816519   -0.00379352  0.00302122    0.21716820 -0.00000000
    1    2
 -0.06773604 -0.05657032   -0.01333342 -0.06960394    0.02664344  0.02676812
 -0.01356458 -0.06965125   -0.05474312 -0.05474312   -0.06965125 -0.01356458
  0.02676812  0.02664344   -0.06960394 -0.01333342   -0.05657032 -0.06773604
    2    1
 -0.06773604  0.05657032   -0.01356458  0.06965125    0.02676812 -0.02664344
 -0.01333342  0.06960394   -0.05474312  0.05474312   -0.06960394  0.01333342
  0.02664344 -0.02676812   -0.06965125  0.01356458   -0.05657032  0.06773604
    2    2
  0.21192936  0.00000000   -0.00402200  0.00302276    0.00714687 -0.00857429
 -0.00402200 -0.00302276    0.19584361  0.00000000   -0.00402200  0.00302276
  0.00714687  0.00857429   -0.00402200 -0.00302276    0.21192936 -0.00000000

     Dynamical  Matrix in cartesian axes

     q = (    0.500000000  -0.750000000   0.250000000 ) 

    1    1
  0.20091234  0.00000000   -0.00379352  0.00302122    0.00379352  0.00302122
 -0.00379352 -0.00302122    0.21716820  0.00000000   -0.00682507 -0.00816519
  0.00379352 -0.00302122   -0.00682507  0.00816519    0.21716820 -0.00000000
    1    2
 -0.05474312 -0.05474312   -0.01356458 -0.06965125    0.06965125  0.01356458
 -0.01333342 -0.06960394   -0.06773604 -0.05657032   -0.02664344 -0.02676812
  0.06960394  0.01333342   -0.02676812 -0.02664344   -0.05657032 -0.06773604
    2    1
 -0.05474312  0.05474312   -0.01333342  0.06960394    0.06960394 -0.01333342
 -0.01356458  0.06965125   -0.06773604  0.05657032   -0.02676812  0.02664344
  0.06965125 -0.01356458   -0.02664344  0.02676812   -0.05657032  0.06773604
    2    2
  0.19584361  0.00000000   -0.00402200 -0.00302276    0.00402200 -0.00302276
 -0.00402200  0.00302276    0.21192936  0.00000000   -0.00714687  0.00857429
  0.00402200  0.00302276   -0.00714687 -0.00857429    0.21192936 -0.00000000

     Diagonalizing the dynamical matrix

     q = (    0.500000000  -0.250000000   0.750000000 ) 

 **************************************************************************
     freq (    1) =       2.818530 [THz] =      94.016036 [cm-1]
 ( -0.481251  0.300040 -0.199999  0.211515  0.277959 -0.086471 ) 
 ( -0.565620 -0.131189 -0.263133 -0.129001  0.293053  0.000000 ) 
     freq (    2) =       3.308508 [THz] =     110.359945 [cm-1]
 ( -0.155483 -0.124475  0.333237 -0.338415  0.257291 -0.399215 ) 
 (  0.020952  0.189169  0.474508 -0.106416  0.486294  0.000000 ) 
     freq (    3) =       5.793563 [THz] =     193.252474 [cm-1]
 (  0.155342 -0.337553 -0.205551  0.224330  0.036685 -0.302042 ) 
 ( -0.465759  0.172180  0.352266 -0.301676 -0.463789  0.000000 ) 
     freq (    4) =       5.983662 [THz] =     199.593490 [cm-1]
 (  0.137498 -0.397651 -0.344376  0.362645 -0.046818 -0.497910 ) 
 (  0.232722 -0.113134 -0.220906  0.281245  0.357628  0.000000 ) 
     freq (    5) =       7.635162 [THz] =     254.681574 [cm-1]
 (  0.425596 -0.293031  0.234764 -0.257217 -0.324050  0.127538 ) 
 ( -0.507990 -0.093709 -0.312369 -0.119305  0.334377  0.000000 ) 
     freq (    6) =       7.654678 [THz] =     255.332585 [cm-1]
 (  0.205922  0.119151 -0.326477  0.345177 -0.136560  0.455067 ) 
 (  0.055474  0.207822  0.409256 -0.235247  0.472051  0.000000 ) 
 **************************************************************************
