Dynamical matrix file
YOU NEED TO PUT HERE SOME TITLE :)                                         
  1    2  2 11.0000000  0.0000000  0.0000000  0.0000000  0.0000000  0.0000000
           1  'Ge  '    66207.3097484883     
    1    1      0.0000000000      0.0000000000      0.0000000000
    2    1     -0.2500000000      0.2500000000      0.2500000000

     Dynamical  Matrix in cartesian axes

     q = (   -0.250000000   0.500000000   0.000000000 ) 

    1    1
  0.20911518 -0.00000000   -0.00188313 -0.00000000    0.00000000 -0.00083484
 -0.00188313  0.00000000    0.23483163  0.00000000    0.00000000  0.00297512
  0.00000000  0.00083484    0.00000000 -0.00297512    0.21109274  0.00000000
    1    2
 -0.05355268  0.12928761   -0.01258091  0.03037301    0.06423473  0.02660690
 -0.01252203  0.03023086   -0.05732992  0.13840666   -0.02350467 -0.00973595
  0.06422568  0.02660315   -0.02349436 -0.00973168   -0.05600933  0.13521849
    2    1
 -0.05355268 -0.12928761   -0.01252203 -0.03023086    0.06422568 -0.02660315
 -0.01258091 -0.03037301   -0.05732992 -0.13840666   -0.02349436  0.00973168
  0.06423473 -0.02660690   -0.02350467  0.00973595   -0.05600933 -0.13521849
    2    2
  0.20398704  0.00000000   -0.00248350  0.00000000    0.00000000  0.00098804
 -0.00248350  0.00000000    0.22941498  0.00000000    0.00000000 -0.00342623
  0.00000000 -0.00098804    0.00000000  0.00342623    0.20629265  0.00000000

     Dynamical  Matrix in cartesian axes

     q = (    0.000000000   0.500000000  -0.250000000 ) 

    1    1
  0.21109274 -0.00000000    0.00000000 -0.00297512    0.00000000  0.00083484
 -0.00000000  0.00297512    0.23483163 -0.00000000   -0.00188313  0.00000000
  0.00000000 -0.00083484   -0.00188313 -0.00000000    0.20911518 -0.00000000
    1    2
 -0.13521849  0.05600933   -0.00973168 -0.02349436    0.02660315  0.06422568
 -0.00973595 -0.02350467   -0.13840666  0.05732992   -0.03023086  0.01252203
  0.02660690  0.06423473   -0.03037301  0.01258091   -0.12928761  0.05355268
    2    1
 -0.13521849 -0.05600933   -0.00973595  0.02350467    0.02660690 -0.06423473
 -0.00973168  0.02349436   -0.13840666 -0.05732992   -0.03037301 -0.01258091
  0.02660315 -0.06422568   -0.03023086 -0.01252203   -0.12928761 -0.05355268
    2    2
  0.20629265  0.00000000    0.00000000  0.00342623    0.00000000 -0.00098804
 -0.00000000 -0.00342623    0.22941498  0.00000000   -0.00248350  0.00000000
  0.00000000  0.00098804   -0.00248350  0.00000000    0.20398704  0.00000000

     Dynamical  Matrix in cartesian axes

     q = (    0.250000000   0.500000000   0.000000000 ) 

    1    1
  0.20911518 -0.00000000    0.00188313  0.00000000    0.00000000 -0.00083484
  0.00188313  0.00000000    0.23483163 -0.00000000   -0.00000000 -0.00297512
 -0.00000000  0.00083484   -0.00000000  0.00297512    0.21109274 -0.00000000
    1    2
 -0.12928761  0.05355268    0.03037301 -0.01258091    0.02660690  0.06423473
  0.03023086 -0.01252203   -0.13840666  0.05732992    0.00973595  0.02350467
  0.02660315  0.06422568    0.00973168  0.02349436   -0.13521849  0.05600933
    2    1
 -0.12928761 -0.05355268    0.03023086  0.01252203    0.02660315 -0.06422568
  0.03037301  0.01258091   -0.13840666 -0.05732992    0.00973168 -0.02349436
  0.02660690 -0.06423473    0.00973595 -0.02350467   -0.13521849 -0.05600933
    2    2
  0.20398704  0.00000000    0.00248350  0.00000000    0.00000000  0.00098804
  0.00248350  0.00000000    0.22941498  0.00000000    0.00000000  0.00342623
  0.00000000 -0.00098804    0.00000000 -0.00342623    0.20629265  0.00000000

     Dynamical  Matrix in cartesian axes

     q = (    0.000000000   0.500000000   0.250000000 ) 

    1    1
  0.21109274 -0.00000000    0.00000000  0.00297512   -0.00000000  0.00083484
 -0.00000000 -0.00297512    0.23483163 -0.00000000    0.00188313 -0.00000000
  0.00000000 -0.00083484    0.00188313  0.00000000    0.20911518 -0.00000000
    1    2
 -0.05600933  0.13521849    0.02349436  0.00973168    0.06422568  0.02660315
  0.02350467  0.00973595   -0.05732992  0.13840666    0.01252203 -0.03023086
  0.06423473  0.02660690    0.01258091 -0.03037301   -0.05355268  0.12928761
    2    1
 -0.05600933 -0.13521849    0.02350467 -0.00973595    0.06423473 -0.02660690
  0.02349436 -0.00973168   -0.05732992 -0.13840666    0.01258091  0.03037301
  0.06422568 -0.02660315    0.01252203  0.03023086   -0.05355268 -0.12928761
    2    2
  0.20629265  0.00000000    0.00000000 -0.00342623    0.00000000 -0.00098804
  0.00000000  0.00342623    0.22941498  0.00000000    0.00248350  0.00000000
  0.00000000  0.00098804    0.00248350  0.00000000    0.20398704  0.00000000

     Dynamical  Matrix in cartesian axes

     q = (    0.000000000  -0.500000000  -0.250000000 ) 

    1    1
  0.21109274 -0.00000000    0.00000000 -0.00297512   -0.00000000 -0.00083484
 -0.00000000  0.00297512    0.23483163 -0.00000000    0.00188313  0.00000000
  0.00000000  0.00083484    0.00188313  0.00000000    0.20911518 -0.00000000
    1    2
 -0.05600933 -0.13521849    0.02349436 -0.00973168    0.06422568 -0.02660315
  0.02350467 -0.00973595   -0.05732992 -0.13840666    0.01252203  0.03023086
  0.06423473 -0.02660690    0.01258091  0.03037301   -0.05355268 -0.12928761
    2    1
 -0.05600933  0.13521849    0.02350467  0.00973595    0.06423473  0.02660690
  0.02349436  0.00973168   -0.05732992  0.13840666    0.01258091 -0.03037301
  0.06422568  0.02660315    0.01252203 -0.03023086   -0.05355268  0.12928761
    2    2
  0.20629265  0.00000000    0.00000000  0.00342623    0.00000000  0.00098804
 -0.00000000 -0.00342623    0.22941498  0.00000000    0.00248350  0.00000000
  0.00000000 -0.00098804    0.00248350  0.00000000    0.20398704  0.00000000

     Dynamical  Matrix in cartesian axes

     q = (    0.000000000  -0.500000000   0.250000000 ) 

    1    1
  0.21109274 -0.00000000    0.00000000  0.00297512    0.00000000 -0.00083484
  0.00000000 -0.00297512    0.23483163 -0.00000000   -0.00188313  0.00000000
  0.00000000  0.00083484   -0.00188313 -0.00000000    0.20911518 -0.00000000
    1    2
 -0.13521849 -0.05600933   -0.00973168  0.02349436    0.02660315 -0.06422568
 -0.00973595  0.02350467   -0.13840666 -0.05732992   -0.03023086 -0.01252203
  0.02660690 -0.06423473   -0.03037301 -0.01258091   -0.12928761 -0.05355268
    2    1
 -0.13521849  0.05600933   -0.00973595 -0.02350467    0.02660690  0.06423473
 -0.00973168 -0.02349436   -0.13840666  0.05732992   -0.03037301  0.01258091
  0.02660315  0.06422568   -0.03023086  0.01252203   -0.12928761  0.05355268
    2    2
  0.20629265  0.00000000   -0.00000000 -0.00342623   -0.00000000  0.00098804
 -0.00000000  0.00342623    0.22941498  0.00000000   -0.00248350  0.00000000
  0.00000000 -0.00098804   -0.00248350  0.00000000    0.20398704  0.00000000

     Dynamical  Matrix in cartesian axes

     q = (    0.250000000  -0.500000000   0.000000000 ) 

    1    1
  0.20911518 -0.00000000   -0.00188313 -0.00000000    0.00000000  0.00083484
 -0.00188313 -0.00000000    0.23483163 -0.00000000    0.00000000 -0.00297512
  0.00000000 -0.00083484    0.00000000  0.00297512    0.21109274  0.00000000
    1    2
 -0.05355268 -0.12928761   -0.01258091 -0.03037301    0.06423473 -0.02660690
 -0.01252203 -0.03023086   -0.05732992 -0.13840666   -0.02350467  0.00973595
  0.06422568 -0.02660315   -0.02349436  0.00973168   -0.05600933 -0.13521849
    2    1
 -0.05355268  0.12928761   -0.01252203  0.03023086    0.06422568  0.02660315
 -0.01258091  0.03037301   -0.05732992  0.13840666   -0.02349436 -0.00973168
  0.06423473  0.02660690   -0.02350467 -0.00973595   -0.05600933  0.13521849
    2    2
  0.20398704  0.00000000   -0.00248350  0.00000000    0.00000000 -0.00098804
 -0.00248350  0.00000000    0.22941498  0.00000000    0.00000000  0.00342623
  0.00000000  0.00098804    0.00000000 -0.00342623    0.20629265  0.00000000

     Dynamical  Matrix in cartesian axes

     q = (   -0.250000000  -0.500000000   0.000000000 ) 

    1    1
  0.20911518 -0.00000000    0.00188313  0.00000000    0.00000000  0.00083484
  0.00188313  0.00000000    0.23483163 -0.00000000   -0.00000000  0.00297512
 -0.00000000 -0.00083484   -0.00000000 -0.00297512    0.21109274 -0.00000000
    1    2
 -0.12928761 -0.05355268    0.03037301  0.01258091    0.02660690 -0.06423473
  0.03023086  0.01252203   -0.13840666 -0.05732992    0.00973595 -0.02350467
  0.02660315 -0.06422568    0.00973168 -0.02349436   -0.13521849 -0.05600933
    2    1
 -0.12928761  0.05355268    0.03023086 -0.01252203    0.02660315  0.06422568
  0.03037301 -0.01258091   -0.13840666  0.05732992    0.00973168  0.02349436
  0.02660690  0.06423473    0.00973595  0.02350467   -0.13521849  0.05600933
    2    2
  0.20398704  0.00000000    0.00248350  0.00000000    0.00000000 -0.00098804
  0.00248350  0.00000000    0.22941498  0.00000000    0.00000000 -0.00342623
 -0.00000000  0.00098804    0.00000000  0.00342623    0.20629265  0.00000000

     Dynamical  Matrix in cartesian axes

     q = (    0.000000000  -0.250000000   0.500000000 ) 

    1    1
  0.21109274  0.00000000    0.00000000  0.00083484    0.00000000 -0.00297512
 -0.00000000 -0.00083484    0.20911518 -0.00000000   -0.00188313 -0.00000000
  0.00000000  0.00297512   -0.00188313 -0.00000000    0.23483163  0.00000000
    1    2
 -0.13521849  0.05600933    0.02660315  0.06422568   -0.00973168 -0.02349436
  0.02660690  0.06423473   -0.12928761  0.05355268   -0.03037301  0.01258091
 -0.00973595 -0.02350467   -0.03023086  0.01252203   -0.13840666  0.05732992
    2    1
 -0.13521849 -0.05600933    0.02660690 -0.06423473   -0.00973595  0.02350467
  0.02660315 -0.06422568   -0.12928761 -0.05355268   -0.03023086 -0.01252203
 -0.00973168  0.02349436   -0.03037301 -0.01258091   -0.13840666 -0.05732992
    2    2
  0.20629265  0.00000000    0.00000000 -0.00098804    0.00000000  0.00342623
  0.00000000  0.00098804    0.20398704  0.00000000   -0.00248350  0.00000000
  0.00000000 -0.00342623   -0.00248350  0.00000000    0.22941498  0.00000000

     Dynamical  Matrix in cartesian axes

     q = (    0.250000000   0.000000000   0.500000000 ) 

    1    1
  0.20911518 -0.00000000    0.00000000 -0.00083484    0.00188313  0.00000000
  0.00000000  0.00083484    0.21109274 -0.00000000    0.00000000  0.00297512
  0.00188313  0.00000000    0.00000000 -0.00297512    0.23483163 -0.00000000
    1    2
 -0.12928761  0.05355268    0.02660690  0.06423473    0.03037301 -0.01258091
  0.02660315  0.06422568   -0.13521849  0.05600933    0.00973168  0.02349436
  0.03023086 -0.01252203    0.00973595  0.02350467   -0.13840666  0.05732992
    2    1
 -0.12928761 -0.05355268    0.02660315 -0.06422568    0.03023086  0.01252203
  0.02660690 -0.06423473   -0.13521849 -0.05600933    0.00973595 -0.02350467
  0.03037301  0.01258091    0.00973168 -0.02349436   -0.13840666 -0.05732992
    2    2
  0.20398704  0.00000000    0.00000000  0.00098804    0.00248350  0.00000000
  0.00000000 -0.00098804    0.20629265  0.00000000    0.00000000 -0.00342623
  0.00248350  0.00000000    0.00000000  0.00342623    0.22941498  0.00000000

     Dynamical  Matrix in cartesian axes

     q = (    0.000000000   0.250000000   0.500000000 ) 

    1    1
  0.21109274 -0.00000000    0.00000000  0.00083484    0.00000000  0.00297512
 -0.00000000 -0.00083484    0.20911518 -0.00000000    0.00188313  0.00000000
  0.00000000 -0.00297512    0.00188313  0.00000000    0.23483163 -0.00000000
    1    2
 -0.05600933  0.13521849    0.06422568  0.02660315    0.02349436  0.00973168
  0.06423473  0.02660690   -0.05355268  0.12928761    0.01258091 -0.03037301
  0.02350467  0.00973595    0.01252203 -0.03023086   -0.05732992  0.13840666
    2    1
 -0.05600933 -0.13521849    0.06423473 -0.02660690    0.02350467 -0.00973595
  0.06422568 -0.02660315   -0.05355268 -0.12928761    0.01252203  0.03023086
  0.02349436 -0.00973168    0.01258091  0.03037301   -0.05732992 -0.13840666
    2    2
  0.20629265  0.00000000    0.00000000 -0.00098804    0.00000000 -0.00342623
  0.00000000  0.00098804    0.20398704  0.00000000    0.00248350  0.00000000
  0.00000000  0.00342623    0.00248350  0.00000000    0.22941498  0.00000000

     Dynamical  Matrix in cartesian axes

     q = (    0.000000000  -0.250000000  -0.500000000 ) 

    1    1
  0.21109274  0.00000000    0.00000000 -0.00083484    0.00000000 -0.00297512
 -0.00000000  0.00083484    0.20911518 -0.00000000    0.00188313  0.00000000
  0.00000000  0.00297512    0.00188313 -0.00000000    0.23483163  0.00000000
    1    2
 -0.05600933 -0.13521849    0.06422568 -0.02660315    0.02349436 -0.00973168
  0.06423473 -0.02660690   -0.05355268 -0.12928761    0.01258091  0.03037301
  0.02350467 -0.00973595    0.01252203  0.03023086   -0.05732992 -0.13840666
    2    1
 -0.05600933  0.13521849    0.06423473  0.02660690    0.02350467  0.00973595
  0.06422568  0.02660315   -0.05355268  0.12928761    0.01252203 -0.03023086
  0.02349436  0.00973168    0.01258091 -0.03037301   -0.05732992  0.13840666
    2    2
  0.20629265  0.00000000   -0.00000000  0.00098804    0.00000000  0.00342623
  0.00000000 -0.00098804    0.20398704  0.00000000    0.00248350  0.00000000
 -0.00000000 -0.00342623    0.00248350  0.00000000    0.22941498  0.00000000

     Dynamical  Matrix in cartesian axes

     q = (    0.250000000   0.000000000  -0.500000000 ) 

    1    1
  0.20911518 -0.00000000    0.00000000  0.00083484   -0.00188313 -0.00000000
  0.00000000 -0.00083484    0.21109274 -0.00000000    0.00000000  0.00297512
 -0.00188313  0.00000000   -0.00000000 -0.00297512    0.23483163  0.00000000
    1    2
 -0.05355268 -0.12928761    0.06423473 -0.02660690   -0.01258091 -0.03037301
  0.06422568 -0.02660315   -0.05600933 -0.13521849   -0.02349436  0.00973168
 -0.01252203 -0.03023086   -0.02350467  0.00973595   -0.05732992 -0.13840666
    2    1
 -0.05355268  0.12928761    0.06422568  0.02660315   -0.01252203  0.03023086
  0.06423473  0.02660690   -0.05600933  0.13521849   -0.02350467 -0.00973595
 -0.01258091  0.03037301   -0.02349436 -0.00973168   -0.05732992  0.13840666
    2    2
  0.20398704  0.00000000    0.00000000 -0.00098804   -0.00248350  0.00000000
  0.00000000  0.00098804    0.20629265  0.00000000    0.00000000 -0.00342623
 -0.00248350  0.00000000    0.00000000  0.00342623    0.22941498  0.00000000

     Dynamical  Matrix in cartesian axes

     q = (    0.500000000  -0.250000000   0.000000000 ) 

    1    1
  0.23483163  0.00000000   -0.00188313  0.00000000    0.00000000  0.00297512
 -0.00188313 -0.00000000    0.20911518 -0.00000000   -0.00000000 -0.00083484
  0.00000000 -0.00297512    0.00000000  0.00083484    0.21109274  0.00000000
    1    2
 -0.05732992 -0.13840666   -0.01252203 -0.03023086    0.02350467 -0.00973595
 -0.01258091 -0.03037301   -0.05355268 -0.12928761   -0.06423473  0.02660690
  0.02349436 -0.00973168   -0.06422568  0.02660315   -0.05600933 -0.13521849
    2    1
 -0.05732992  0.13840666   -0.01258091  0.03037301    0.02349436  0.00973168
 -0.01252203  0.03023086   -0.05355268  0.12928761   -0.06422568 -0.02660315
  0.02350467  0.00973595   -0.06423473 -0.02660690   -0.05600933  0.13521849
    2    2
  0.22941498  0.00000000   -0.00248350  0.00000000   -0.00000000 -0.00342623
 -0.00248350  0.00000000    0.20398704  0.00000000   -0.00000000  0.00098804
  0.00000000  0.00342623    0.00000000 -0.00098804    0.20629265  0.00000000

     Dynamical  Matrix in cartesian axes

     q = (   -0.500000000  -0.250000000   0.000000000 ) 

    1    1
  0.23483163 -0.00000000    0.00188313  0.00000000    0.00000000  0.00297512
  0.00188313  0.00000000    0.20911518 -0.00000000   -0.00000000  0.00083484
  0.00000000 -0.00297512    0.00000000 -0.00083484    0.21109274  0.00000000
    1    2
 -0.13840666  0.05732992    0.03023086 -0.01252203   -0.00973595 -0.02350467
  0.03037301 -0.01258091   -0.12928761  0.05355268   -0.02660690 -0.06423473
 -0.00973168 -0.02349436   -0.02660315 -0.06422568   -0.13521849  0.05600933
    2    1
 -0.13840666 -0.05732992    0.03037301  0.01258091   -0.00973168  0.02349436
  0.03023086  0.01252203   -0.12928761 -0.05355268   -0.02660315  0.06422568
 -0.00973595  0.02350467   -0.02660690  0.06423473   -0.13521849 -0.05600933
    2    2
  0.22941498  0.00000000    0.00248350  0.00000000   -0.00000000 -0.00342623
  0.00248350  0.00000000    0.20398704  0.00000000   -0.00000000 -0.00098804
  0.00000000  0.00342623   -0.00000000  0.00098804    0.20629265  0.00000000

     Dynamical  Matrix in cartesian axes

     q = (    0.500000000   0.250000000   0.000000000 ) 

    1    1
  0.23483163 -0.00000000    0.00188313  0.00000000    0.00000000 -0.00297512
  0.00188313  0.00000000    0.20911518 -0.00000000    0.00000000 -0.00083484
  0.00000000  0.00297512    0.00000000  0.00083484    0.21109274 -0.00000000
    1    2
 -0.13840666 -0.05732992    0.03023086  0.01252203   -0.00973595  0.02350467
  0.03037301  0.01258091   -0.12928761 -0.05355268   -0.02660690  0.06423473
 -0.00973168  0.02349436   -0.02660315  0.06422568   -0.13521849 -0.05600933
    2    1
 -0.13840666  0.05732992    0.03037301 -0.01258091   -0.00973168 -0.02349436
  0.03023086 -0.01252203   -0.12928761  0.05355268   -0.02660315 -0.06422568
 -0.00973595 -0.02350467   -0.02660690 -0.06423473   -0.13521849  0.05600933
    2    2
  0.22941498  0.00000000    0.00248350  0.00000000    0.00000000  0.00342623
  0.00248350  0.00000000    0.20398704  0.00000000   -0.00000000  0.00098804
 -0.00000000 -0.00342623    0.00000000 -0.00098804    0.20629265  0.00000000

     Dynamical  Matrix in cartesian axes

     q = (   -0.500000000   0.250000000   0.000000000 ) 

    1    1
  0.23483163 -0.00000000   -0.00188313 -0.00000000    0.00000000 -0.00297512
 -0.00188313 -0.00000000    0.20911518 -0.00000000   -0.00000000  0.00083484
  0.00000000  0.00297512    0.00000000 -0.00083484    0.21109274  0.00000000
    1    2
 -0.05732992  0.13840666   -0.01252203  0.03023086    0.02350467  0.00973595
 -0.01258091  0.03037301   -0.05355268  0.12928761   -0.06423473 -0.02660690
  0.02349436  0.00973168   -0.06422568 -0.02660315   -0.05600933  0.13521849
    2    1
 -0.05732992 -0.13840666   -0.01258091 -0.03037301    0.02349436 -0.00973168
 -0.01252203 -0.03023086   -0.05355268 -0.12928761   -0.06422568  0.02660315
  0.02350467 -0.00973595   -0.06423473  0.02660690   -0.05600933 -0.13521849
    2    2
  0.22941498  0.00000000   -0.00248350  0.00000000    0.00000000  0.00342623
 -0.00248350  0.00000000    0.20398704  0.00000000   -0.00000000 -0.00098804
  0.00000000 -0.00342623    0.00000000  0.00098804    0.20629265  0.00000000

     Dynamical  Matrix in cartesian axes

     q = (    0.500000000   0.000000000  -0.250000000 ) 

    1    1
  0.23483163 -0.00000000    0.00000000  0.00297512   -0.00188313 -0.00000000
  0.00000000 -0.00297512    0.21109274 -0.00000000    0.00000000  0.00083484
 -0.00188313 -0.00000000    0.00000000 -0.00083484    0.20911518 -0.00000000
    1    2
 -0.05732992 -0.13840666    0.02350467 -0.00973595   -0.01252203 -0.03023086
  0.02349436 -0.00973168   -0.05600933 -0.13521849   -0.06422568  0.02660315
 -0.01258091 -0.03037301   -0.06423473  0.02660690   -0.05355268 -0.12928761
    2    1
 -0.05732992  0.13840666    0.02349436  0.00973168   -0.01258091  0.03037301
  0.02350467  0.00973595   -0.05600933  0.13521849   -0.06423473 -0.02660690
 -0.01252203  0.03023086   -0.06422568 -0.02660315   -0.05355268  0.12928761
    2    2
  0.22941498  0.00000000   -0.00000000 -0.00342623   -0.00248350  0.00000000
  0.00000000  0.00342623    0.20629265  0.00000000    0.00000000 -0.00098804
 -0.00248350  0.00000000    0.00000000  0.00098804    0.20398704  0.00000000

     Dynamical  Matrix in cartesian axes

     q = (    0.500000000   0.000000000   0.250000000 ) 

    1    1
  0.23483163 -0.00000000    0.00000000 -0.00297512    0.00188313 -0.00000000
  0.00000000  0.00297512    0.21109274 -0.00000000    0.00000000  0.00083484
  0.00188313  0.00000000    0.00000000 -0.00083484    0.20911518 -0.00000000
    1    2
 -0.13840666 -0.05732992   -0.00973595  0.02350467    0.03023086  0.01252203
 -0.00973168  0.02349436   -0.13521849 -0.05600933   -0.02660315  0.06422568
  0.03037301  0.01258091   -0.02660690  0.06423473   -0.12928761 -0.05355268
    2    1
 -0.13840666  0.05732992   -0.00973168 -0.02349436    0.03037301 -0.01258091
 -0.00973595 -0.02350467   -0.13521849  0.05600933   -0.02660690 -0.06423473
  0.03023086 -0.01252203   -0.02660315 -0.06422568   -0.12928761  0.05355268
    2    2
  0.22941498  0.00000000   -0.00000000  0.00342623    0.00248350  0.00000000
 -0.00000000 -0.00342623    0.20629265  0.00000000    0.00000000 -0.00098804
  0.00248350  0.00000000   -0.00000000  0.00098804    0.20398704  0.00000000

     Dynamical  Matrix in cartesian axes

     q = (   -0.500000000   0.000000000  -0.250000000 ) 

    1    1
  0.23483163 -0.00000000    0.00000000  0.00297512    0.00188313  0.00000000
  0.00000000 -0.00297512    0.21109274 -0.00000000    0.00000000 -0.00083484
  0.00188313  0.00000000    0.00000000  0.00083484    0.20911518 -0.00000000
    1    2
 -0.13840666  0.05732992   -0.00973595 -0.02350467    0.03023086 -0.01252203
 -0.00973168 -0.02349436   -0.13521849  0.05600933   -0.02660315 -0.06422568
  0.03037301 -0.01258091   -0.02660690 -0.06423473   -0.12928761  0.05355268
    2    1
 -0.13840666 -0.05732992   -0.00973168  0.02349436    0.03037301  0.01258091
 -0.00973595  0.02350467   -0.13521849 -0.05600933   -0.02660690  0.06423473
  0.03023086  0.01252203   -0.02660315  0.06422568   -0.12928761 -0.05355268
    2    2
  0.22941498  0.00000000   -0.00000000 -0.00342623    0.00248350  0.00000000
  0.00000000  0.00342623    0.20629265  0.00000000   -0.00000000  0.00098804
  0.00248350  0.00000000    0.00000000 -0.00098804    0.20398704  0.00000000

     Dynamical  Matrix in cartesian axes

     q = (   -0.500000000   0.000000000   0.250000000 ) 

    1    1
  0.23483163 -0.00000000    0.00000000 -0.00297512   -0.00188313 -0.00000000
  0.00000000  0.00297512    0.21109274 -0.00000000    0.00000000 -0.00083484
 -0.00188313 -0.00000000    0.00000000  0.00083484    0.20911518 -0.00000000
    1    2
 -0.05732992  0.13840666    0.02350467  0.00973595   -0.01252203  0.03023086
  0.02349436  0.00973168   -0.05600933  0.13521849   -0.06422568 -0.02660315
 -0.01258091  0.03037301   -0.06423473 -0.02660690   -0.05355268  0.12928761
    2    1
 -0.05732992 -0.13840666    0.02349436 -0.00973168   -0.01258091 -0.03037301
  0.02350467 -0.00973595   -0.05600933 -0.13521849   -0.06423473  0.02660690
 -0.01252203 -0.03023086   -0.06422568  0.02660315   -0.05355268 -0.12928761
    2    2
  0.22941498  0.00000000    0.00000000  0.00342623   -0.00248350  0.00000000
 -0.00000000 -0.00342623    0.20629265  0.00000000   -0.00000000  0.00098804
 -0.00248350  0.00000000    0.00000000 -0.00098804    0.20398704  0.00000000

     Dynamical  Matrix in cartesian axes

     q = (   -0.250000000   0.000000000   0.500000000 ) 

    1    1
  0.20911518 -0.00000000    0.00000000 -0.00083484   -0.00188313 -0.00000000
  0.00000000  0.00083484    0.21109274 -0.00000000    0.00000000 -0.00297512
 -0.00188313 -0.00000000   -0.00000000  0.00297512    0.23483163 -0.00000000
    1    2
 -0.05355268  0.12928761    0.06423473  0.02660690   -0.01258091  0.03037301
  0.06422568  0.02660315   -0.05600933  0.13521849   -0.02349436 -0.00973168
 -0.01252203  0.03023086   -0.02350467 -0.00973595   -0.05732992  0.13840666
    2    1
 -0.05355268 -0.12928761    0.06422568 -0.02660315   -0.01252203 -0.03023086
  0.06423473 -0.02660690   -0.05600933 -0.13521849   -0.02350467  0.00973595
 -0.01258091 -0.03037301   -0.02349436  0.00973168   -0.05732992 -0.13840666
    2    2
  0.20398704  0.00000000    0.00000000  0.00098804   -0.00248350  0.00000000
  0.00000000 -0.00098804    0.20629265  0.00000000    0.00000000  0.00342623
 -0.00248350  0.00000000    0.00000000 -0.00342623    0.22941498  0.00000000

     Dynamical  Matrix in cartesian axes

     q = (    0.000000000   0.250000000  -0.500000000 ) 

    1    1
  0.21109274 -0.00000000    0.00000000 -0.00083484    0.00000000  0.00297512
 -0.00000000  0.00083484    0.20911518 -0.00000000   -0.00188313 -0.00000000
  0.00000000 -0.00297512   -0.00188313 -0.00000000    0.23483163  0.00000000
    1    2
 -0.13521849 -0.05600933    0.02660315 -0.06422568   -0.00973168  0.02349436
  0.02660690 -0.06423473   -0.12928761 -0.05355268   -0.03037301 -0.01258091
 -0.00973595  0.02350467   -0.03023086 -0.01252203   -0.13840666 -0.05732992
    2    1
 -0.13521849  0.05600933    0.02660690  0.06423473   -0.00973595 -0.02350467
  0.02660315  0.06422568   -0.12928761  0.05355268   -0.03023086  0.01252203
 -0.00973168 -0.02349436   -0.03037301  0.01258091   -0.13840666  0.05732992
    2    2
  0.20629265  0.00000000    0.00000000  0.00098804   -0.00000000 -0.00342623
  0.00000000 -0.00098804    0.20398704  0.00000000   -0.00248350  0.00000000
  0.00000000  0.00342623   -0.00248350  0.00000000    0.22941498  0.00000000

     Dynamical  Matrix in cartesian axes

     q = (   -0.250000000   0.000000000  -0.500000000 ) 

    1    1
  0.20911518 -0.00000000   -0.00000000  0.00083484    0.00188313  0.00000000
  0.00000000 -0.00083484    0.21109274  0.00000000   -0.00000000 -0.00297512
  0.00188313  0.00000000    0.00000000  0.00297512    0.23483163  0.00000000
    1    2
 -0.12928761 -0.05355268    0.02660690 -0.06423473    0.03037301  0.01258091
  0.02660315 -0.06422568   -0.13521849 -0.05600933    0.00973168 -0.02349436
  0.03023086  0.01252203    0.00973595 -0.02350467   -0.13840666 -0.05732992
    2    1
 -0.12928761  0.05355268    0.02660315  0.06422568    0.03023086 -0.01252203
  0.02660690  0.06423473   -0.13521849  0.05600933    0.00973595  0.02350467
  0.03037301 -0.01258091    0.00973168  0.02349436   -0.13840666  0.05732992
    2    2
  0.20398704  0.00000000    0.00000000 -0.00098804    0.00248350  0.00000000
 -0.00000000  0.00098804    0.20629265  0.00000000    0.00000000  0.00342623
  0.00248350  0.00000000    0.00000000 -0.00342623    0.22941498  0.00000000

     Diagonalizing the dynamical matrix

     q = (   -0.250000000   0.500000000   0.000000000 ) 

 **************************************************************************
     freq (    1) =       2.336028 [THz] =      77.921506 [cm-1]
 (  0.544258  0.225439  0.338372  0.140158  0.039615 -0.095640 ) 
 ( -0.000000  0.601575 -0.000000  0.371281 -0.091444  0.000000 ) 
     freq (    2) =       2.687947 [THz] =      89.660255 [cm-1]
 ( -0.155784 -0.064528  0.054803  0.022700  0.259827 -0.627278 ) 
 ( -0.000000  0.154641  0.000000 -0.060288  0.692468  0.000000 ) 
     freq (    3) =       3.937025 [THz] =     131.325012 [cm-1]
 (  0.313409  0.129818 -0.546081 -0.226194  0.061910 -0.149464 ) 
 ( -0.000000  0.348392  0.000000 -0.603127 -0.155698  0.000000 ) 
     freq (    4) =       7.522254 [THz] =     250.915371 [cm-1]
 ( -0.531849 -0.220299  0.358038  0.148304 -0.063851  0.154150 ) 
 ( -0.000000  0.564538 -0.000000 -0.378653 -0.168818  0.000000 ) 
     freq (    5) =       7.837353 [THz] =     261.425971 [cm-1]
 ( -0.149766 -0.062035  0.081402  0.033718  0.263186 -0.635386 ) 
 (  0.000000 -0.168176  0.000000  0.084426 -0.676436  0.000000 ) 
     freq (    6) =       8.090890 [THz] =     269.883042 [cm-1]
 (  0.359931  0.149088  0.550484  0.228018  0.013808 -0.033336 ) 
 (  0.000000 -0.381876  0.000000 -0.586726  0.042645  0.000000 ) 
 **************************************************************************
