Dynamical matrix file
YOU NEED TO PUT HERE SOME TITLE :)                                         
  1    2  2 11.0000000  0.0000000  0.0000000  0.0000000  0.0000000  0.0000000
           1  'Ge  '    66207.3097484883     
    1    1      0.0000000000      0.0000000000      0.0000000000
    2    1     -0.2500000000      0.2500000000      0.2500000000

     Dynamical  Matrix in cartesian axes

     q = (    0.500000000   0.000000000   0.750000000 ) 

    1    1
  0.19505189  0.00000000    0.00000000 -0.00448004    0.00125082  0.00000000
  0.00000000  0.00448004    0.22218859  0.00000000    0.00000000  0.01011438
  0.00125082  0.00000000    0.00000000 -0.01011438    0.20859217  0.00000000
    1    2
 -0.06147529  0.02546390    0.02657352  0.06415416    0.07670373 -0.03177173
  0.02662004  0.06426647   -0.07950358  0.03293146    0.01048233  0.02530660
  0.07697700 -0.03188492    0.01043152  0.02518391   -0.06382456  0.02643700
    2    1
 -0.06147529 -0.02546390    0.02662004 -0.06426647    0.07697700  0.03188492
  0.02657352 -0.06415416   -0.07950358 -0.03293146    0.01043152 -0.02518391
  0.07670373  0.03177173    0.01048233 -0.02530660   -0.06382456 -0.02643700
    2    2
  0.19051582  0.00000000    0.00000000  0.00391110    0.00174886  0.00000000
  0.00000000 -0.00391110    0.21741603  0.00000000    0.00000000 -0.00995509
  0.00174886  0.00000000    0.00000000  0.00995509    0.20392064  0.00000000

     Dynamical  Matrix in cartesian axes

     q = (    0.750000000   0.000000000   0.500000000 ) 

    1    1
  0.20859217  0.00000000    0.00000000 -0.01011438    0.00125082  0.00000000
  0.00000000  0.01011438    0.22218859  0.00000000    0.00000000  0.00448004
  0.00125082  0.00000000    0.00000000 -0.00448004    0.19505189  0.00000000
    1    2
 -0.06382456 -0.02643700   -0.01043152  0.02518391    0.07697700  0.03188492
 -0.01048233  0.02530660   -0.07950358 -0.03293146   -0.02662004  0.06426647
  0.07670373  0.03177173   -0.02657352  0.06415416   -0.06147529 -0.02546390
    2    1
 -0.06382456  0.02643700   -0.01048233 -0.02530660    0.07670373 -0.03177173
 -0.01043152 -0.02518391   -0.07950358  0.03293146   -0.02657352 -0.06415416
  0.07697700 -0.03188492   -0.02662004 -0.06426647   -0.06147529  0.02546390
    2    2
  0.20392064  0.00000000    0.00000000  0.00995509    0.00174886  0.00000000
 -0.00000000 -0.00995509    0.21741603  0.00000000   -0.00000000 -0.00391110
  0.00174886  0.00000000    0.00000000  0.00391110    0.19051582  0.00000000

     Dynamical  Matrix in cartesian axes

     q = (   -0.500000000   0.000000000  -0.750000000 ) 

    1    1
  0.19505189  0.00000000    0.00000000  0.00448004    0.00125082  0.00000000
  0.00000000 -0.00448004    0.22218859  0.00000000    0.00000000 -0.01011438
  0.00125082  0.00000000    0.00000000  0.01011438    0.20859217  0.00000000
    1    2
 -0.06147529 -0.02546390    0.02657352 -0.06415416    0.07670373  0.03177173
  0.02662004 -0.06426647   -0.07950358 -0.03293146    0.01048233 -0.02530660
  0.07697700  0.03188492    0.01043152 -0.02518391   -0.06382456 -0.02643700
    2    1
 -0.06147529  0.02546390    0.02662004  0.06426647    0.07697700 -0.03188492
  0.02657352  0.06415416   -0.07950358  0.03293146    0.01043152  0.02518391
  0.07670373 -0.03177173    0.01048233  0.02530660   -0.06382456  0.02643700
    2    2
  0.19051582  0.00000000    0.00000000 -0.00391110    0.00174886  0.00000000
  0.00000000  0.00391110    0.21741603  0.00000000    0.00000000  0.00995509
  0.00174886  0.00000000    0.00000000 -0.00995509    0.20392064  0.00000000

     Dynamical  Matrix in cartesian axes

     q = (   -0.750000000   0.000000000  -0.500000000 ) 

    1    1
  0.20859217  0.00000000    0.00000000  0.01011438    0.00125082  0.00000000
  0.00000000 -0.01011438    0.22218859  0.00000000    0.00000000 -0.00448004
  0.00125082  0.00000000    0.00000000  0.00448004    0.19505189  0.00000000
    1    2
 -0.06382456  0.02643700   -0.01043152 -0.02518391    0.07697700 -0.03188492
 -0.01048233 -0.02530660   -0.07950358  0.03293146   -0.02662004 -0.06426647
  0.07670373 -0.03177173   -0.02657352 -0.06415416   -0.06147529  0.02546390
    2    1
 -0.06382456 -0.02643700   -0.01048233  0.02530660    0.07670373  0.03177173
 -0.01043152  0.02518391   -0.07950358 -0.03293146   -0.02657352  0.06415416
  0.07697700  0.03188492   -0.02662004  0.06426647   -0.06147529 -0.02546390
    2    2
  0.20392064  0.00000000    0.00000000 -0.00995509    0.00174886  0.00000000
  0.00000000  0.00995509    0.21741603  0.00000000    0.00000000  0.00391110
  0.00174886  0.00000000    0.00000000 -0.00391110    0.19051582  0.00000000

     Dynamical  Matrix in cartesian axes

     q = (   -0.750000000   0.000000000   0.500000000 ) 

    1    1
  0.20859217  0.00000000    0.00000000 -0.01011438   -0.00125082  0.00000000
  0.00000000  0.01011438    0.22218859  0.00000000    0.00000000 -0.00448004
 -0.00125082 -0.00000000    0.00000000  0.00448004    0.19505189  0.00000000
    1    2
  0.02643700  0.06382456    0.02518391 -0.01043152    0.03188492  0.07697700
  0.02530660 -0.01048233    0.03293146  0.07950358   -0.06426647  0.02662004
  0.03177173  0.07670373   -0.06415416  0.02657352    0.02546390  0.06147529
    2    1
  0.02643700 -0.06382456    0.02530660  0.01048233    0.03177173 -0.07670373
  0.02518391  0.01043152    0.03293146 -0.07950358   -0.06415416 -0.02657352
  0.03188492 -0.07697700   -0.06426647 -0.02662004    0.02546390 -0.06147529
    2    2
  0.20392064  0.00000000   -0.00000000  0.00995509   -0.00174886  0.00000000
 -0.00000000 -0.00995509    0.21741603  0.00000000    0.00000000  0.00391110
 -0.00174886 -0.00000000    0.00000000 -0.00391110    0.19051582  0.00000000

     Dynamical  Matrix in cartesian axes

     q = (    0.750000000   0.000000000  -0.500000000 ) 

    1    1
  0.20859217  0.00000000    0.00000000  0.01011438   -0.00125082  0.00000000
  0.00000000 -0.01011438    0.22218859  0.00000000    0.00000000  0.00448004
 -0.00125082  0.00000000    0.00000000 -0.00448004    0.19505189  0.00000000
    1    2
  0.02643700 -0.06382456    0.02518391  0.01043152    0.03188492 -0.07697700
  0.02530660  0.01048233    0.03293146 -0.07950358   -0.06426647 -0.02662004
  0.03177173 -0.07670373   -0.06415416 -0.02657352    0.02546390 -0.06147529
    2    1
  0.02643700  0.06382456    0.02530660 -0.01048233    0.03177173  0.07670373
  0.02518391 -0.01043152    0.03293146  0.07950358   -0.06415416  0.02657352
  0.03188492  0.07697700   -0.06426647  0.02662004    0.02546390  0.06147529
    2    2
  0.20392064  0.00000000    0.00000000 -0.00995509   -0.00174886  0.00000000
  0.00000000  0.00995509    0.21741603  0.00000000    0.00000000 -0.00391110
 -0.00174886  0.00000000    0.00000000  0.00391110    0.19051582  0.00000000

     Dynamical  Matrix in cartesian axes

     q = (   -0.500000000   0.000000000   0.750000000 ) 

    1    1
  0.19505189  0.00000000    0.00000000 -0.00448004   -0.00125082 -0.00000000
 -0.00000000  0.00448004    0.22218859  0.00000000   -0.00000000 -0.01011438
 -0.00125082  0.00000000   -0.00000000  0.01011438    0.20859217  0.00000000
    1    2
  0.02546390  0.06147529    0.06415416 -0.02657352    0.03177173  0.07670373
  0.06426647 -0.02662004    0.03293146  0.07950358   -0.02530660  0.01048233
  0.03188492  0.07697700   -0.02518391  0.01043152    0.02643700  0.06382456
    2    1
  0.02546390 -0.06147529    0.06426647  0.02662004    0.03188492 -0.07697700
  0.06415416  0.02657352    0.03293146 -0.07950358   -0.02518391 -0.01043152
  0.03177173 -0.07670373   -0.02530660 -0.01048233    0.02643700 -0.06382456
    2    2
  0.19051582  0.00000000    0.00000000  0.00391110   -0.00174886 -0.00000000
  0.00000000 -0.00391110    0.21741603  0.00000000    0.00000000  0.00995509
 -0.00174886  0.00000000    0.00000000 -0.00995509    0.20392064  0.00000000

     Dynamical  Matrix in cartesian axes

     q = (    0.500000000   0.000000000  -0.750000000 ) 

    1    1
  0.19505189  0.00000000    0.00000000  0.00448004   -0.00125082  0.00000000
 -0.00000000 -0.00448004    0.22218859  0.00000000   -0.00000000  0.01011438
 -0.00125082  0.00000000   -0.00000000 -0.01011438    0.20859217  0.00000000
    1    2
  0.02546390 -0.06147529    0.06415416  0.02657352    0.03177173 -0.07670373
  0.06426647  0.02662004    0.03293146 -0.07950358   -0.02530660 -0.01048233
  0.03188492 -0.07697700   -0.02518391 -0.01043152    0.02643700 -0.06382456
    2    1
  0.02546390  0.06147529    0.06426647 -0.02662004    0.03188492  0.07697700
  0.06415416 -0.02657352    0.03293146  0.07950358   -0.02518391  0.01043152
  0.03177173  0.07670373   -0.02530660  0.01048233    0.02643700  0.06382456
    2    2
  0.19051582  0.00000000    0.00000000 -0.00391110   -0.00174886  0.00000000
  0.00000000  0.00391110    0.21741603  0.00000000    0.00000000 -0.00995509
 -0.00174886  0.00000000   -0.00000000  0.00995509    0.20392064  0.00000000

     Dynamical  Matrix in cartesian axes

     q = (    0.750000000   0.500000000   0.000000000 ) 

    1    1
  0.20859217  0.00000000    0.00125082  0.00000000    0.00000000 -0.01011438
  0.00125082  0.00000000    0.19505189  0.00000000    0.00000000 -0.00448004
  0.00000000  0.01011438    0.00000000  0.00448004    0.22218859  0.00000000
    1    2
 -0.06382456 -0.02643700    0.07697700  0.03188492   -0.01043152  0.02518391
  0.07670373  0.03177173   -0.06147529 -0.02546390   -0.02657352  0.06415416
 -0.01048233  0.02530660   -0.02662004  0.06426647   -0.07950358 -0.03293146
    2    1
 -0.06382456  0.02643700    0.07670373 -0.03177173   -0.01048233 -0.02530660
  0.07697700 -0.03188492   -0.06147529  0.02546390   -0.02662004 -0.06426647
 -0.01043152 -0.02518391   -0.02657352 -0.06415416   -0.07950358  0.03293146
    2    2
  0.20392064  0.00000000    0.00174886  0.00000000   -0.00000000  0.00995509
  0.00174886  0.00000000    0.19051582  0.00000000   -0.00000000  0.00391110
  0.00000000 -0.00995509    0.00000000 -0.00391110    0.21741603  0.00000000

     Dynamical  Matrix in cartesian axes

     q = (   -0.500000000  -0.750000000   0.000000000 ) 

    1    1
  0.19505189  0.00000000    0.00125082  0.00000000    0.00000000  0.00448004
  0.00125082  0.00000000    0.20859217  0.00000000   -0.00000000  0.01011438
 -0.00000000 -0.00448004   -0.00000000 -0.01011438    0.22218859  0.00000000
    1    2
 -0.06147529 -0.02546390    0.07670373  0.03177173    0.02657352 -0.06415416
  0.07697700  0.03188492   -0.06382456 -0.02643700    0.01043152 -0.02518391
  0.02662004 -0.06426647    0.01048233 -0.02530660   -0.07950358 -0.03293146
    2    1
 -0.06147529  0.02546390    0.07697700 -0.03188492    0.02662004  0.06426647
  0.07670373 -0.03177173   -0.06382456  0.02643700    0.01048233  0.02530660
  0.02657352  0.06415416    0.01043152  0.02518391   -0.07950358  0.03293146
    2    2
  0.19051582  0.00000000    0.00174886  0.00000000    0.00000000 -0.00391110
  0.00174886  0.00000000    0.20392064  0.00000000    0.00000000 -0.00995509
  0.00000000  0.00391110    0.00000000  0.00995509    0.21741603  0.00000000

     Dynamical  Matrix in cartesian axes

     q = (   -0.750000000  -0.500000000   0.000000000 ) 

    1    1
  0.20859217  0.00000000    0.00125082  0.00000000    0.00000000  0.01011438
  0.00125082  0.00000000    0.19505189  0.00000000    0.00000000  0.00448004
  0.00000000 -0.01011438    0.00000000 -0.00448004    0.22218859  0.00000000
    1    2
 -0.06382456  0.02643700    0.07697700 -0.03188492   -0.01043152 -0.02518391
  0.07670373 -0.03177173   -0.06147529  0.02546390   -0.02657352 -0.06415416
 -0.01048233 -0.02530660   -0.02662004 -0.06426647   -0.07950358  0.03293146
    2    1
 -0.06382456 -0.02643700    0.07670373  0.03177173   -0.01048233  0.02530660
  0.07697700  0.03188492   -0.06147529 -0.02546390   -0.02662004  0.06426647
 -0.01043152  0.02518391   -0.02657352  0.06415416   -0.07950358 -0.03293146
    2    2
  0.20392064  0.00000000    0.00174886  0.00000000    0.00000000 -0.00995509
  0.00174886  0.00000000    0.19051582  0.00000000    0.00000000 -0.00391110
  0.00000000  0.00995509    0.00000000  0.00391110    0.21741603  0.00000000

     Dynamical  Matrix in cartesian axes

     q = (   -0.750000000   0.500000000   0.000000000 ) 

    1    1
  0.20859217 -0.00000000   -0.00125082  0.00000000    0.00000000 -0.01011438
 -0.00125082 -0.00000000    0.19505189  0.00000000    0.00000000  0.00448004
  0.00000000  0.01011438    0.00000000 -0.00448004    0.22218859  0.00000000
    1    2
  0.02643700  0.06382456    0.03188492  0.07697700    0.02518391 -0.01043152
  0.03177173  0.07670373    0.02546390  0.06147529   -0.06415416  0.02657352
  0.02530660 -0.01048233   -0.06426647  0.02662004    0.03293146  0.07950358
    2    1
  0.02643700 -0.06382456    0.03177173 -0.07670373    0.02530660  0.01048233
  0.03188492 -0.07697700    0.02546390 -0.06147529   -0.06426647 -0.02662004
  0.02518391  0.01043152   -0.06415416 -0.02657352    0.03293146 -0.07950358
    2    2
  0.20392064 -0.00000000   -0.00174886  0.00000000   -0.00000000  0.00995509
 -0.00174886 -0.00000000    0.19051582  0.00000000    0.00000000 -0.00391110
 -0.00000000 -0.00995509    0.00000000  0.00391110    0.21741603  0.00000000

     Dynamical  Matrix in cartesian axes

     q = (   -0.500000000   0.750000000   0.000000000 ) 

    1    1
  0.19505189  0.00000000   -0.00125082 -0.00000000    0.00000000 -0.00448004
 -0.00125082  0.00000000    0.20859217 -0.00000000    0.00000000  0.01011438
  0.00000000  0.00448004    0.00000000 -0.01011438    0.22218859  0.00000000
    1    2
  0.02546390  0.06147529    0.03177173  0.07670373    0.06415416 -0.02657352
  0.03188492  0.07697700    0.02643700  0.06382456   -0.02518391  0.01043152
  0.06426647 -0.02662004   -0.02530660  0.01048233    0.03293146  0.07950358
    2    1
  0.02546390 -0.06147529    0.03188492 -0.07697700    0.06426647  0.02662004
  0.03177173 -0.07670373    0.02643700 -0.06382456   -0.02530660 -0.01048233
  0.06415416  0.02657352   -0.02518391 -0.01043152    0.03293146 -0.07950358
    2    2
  0.19051582  0.00000000   -0.00174886 -0.00000000    0.00000000  0.00391110
 -0.00174886  0.00000000    0.20392064 -0.00000000    0.00000000 -0.00995509
 -0.00000000 -0.00391110    0.00000000  0.00995509    0.21741603  0.00000000

     Dynamical  Matrix in cartesian axes

     q = (    0.000000000   0.500000000   0.750000000 ) 

    1    1
  0.22218859  0.00000000   -0.00000000  0.00448004    0.00000000  0.01011438
  0.00000000 -0.00448004    0.19505189  0.00000000    0.00125082  0.00000000
  0.00000000 -0.01011438    0.00125082  0.00000000    0.20859217  0.00000000
    1    2
  0.03293146  0.07950358    0.06426647 -0.02662004    0.02530660 -0.01048233
  0.06415416 -0.02657352    0.02546390  0.06147529   -0.03177173 -0.07670373
  0.02518391 -0.01043152   -0.03188492 -0.07697700    0.02643700  0.06382456
    2    1
  0.03293146 -0.07950358    0.06415416  0.02657352    0.02518391  0.01043152
  0.06426647  0.02662004    0.02546390 -0.06147529   -0.03188492  0.07697700
  0.02530660  0.01048233   -0.03177173  0.07670373    0.02643700 -0.06382456
    2    2
  0.21741603  0.00000000    0.00000000 -0.00391110   -0.00000000 -0.00995509
  0.00000000  0.00391110    0.19051582  0.00000000    0.00174886  0.00000000
 -0.00000000  0.00995509    0.00174886  0.00000000    0.20392064  0.00000000

     Dynamical  Matrix in cartesian axes

     q = (    0.000000000   0.500000000  -0.750000000 ) 

    1    1
  0.22218859  0.00000000    0.00000000 -0.00448004    0.00000000  0.01011438
  0.00000000  0.00448004    0.19505189  0.00000000   -0.00125082  0.00000000
  0.00000000 -0.01011438   -0.00125082  0.00000000    0.20859217  0.00000000
    1    2
 -0.07950358 -0.03293146    0.02662004 -0.06426647   -0.01048233  0.02530660
  0.02657352 -0.06415416   -0.06147529 -0.02546390   -0.07670373 -0.03177173
 -0.01043152  0.02518391   -0.07697700 -0.03188492   -0.06382456 -0.02643700
    2    1
 -0.07950358  0.03293146    0.02657352  0.06415416   -0.01043152 -0.02518391
  0.02662004  0.06426647   -0.06147529  0.02546390   -0.07697700  0.03188492
 -0.01048233 -0.02530660   -0.07670373  0.03177173   -0.06382456  0.02643700
    2    2
  0.21741603  0.00000000    0.00000000  0.00391110    0.00000000 -0.00995509
  0.00000000 -0.00391110    0.19051582  0.00000000   -0.00174886  0.00000000
 -0.00000000  0.00995509   -0.00174886  0.00000000    0.20392064  0.00000000

     Dynamical  Matrix in cartesian axes

     q = (    0.000000000  -0.500000000  -0.750000000 ) 

    1    1
  0.22218859  0.00000000   -0.00000000 -0.00448004    0.00000000 -0.01011438
  0.00000000  0.00448004    0.19505189  0.00000000    0.00125082  0.00000000
  0.00000000  0.01011438    0.00125082  0.00000000    0.20859217  0.00000000
    1    2
  0.03293146 -0.07950358    0.06426647  0.02662004    0.02530660  0.01048233
  0.06415416  0.02657352    0.02546390 -0.06147529   -0.03177173  0.07670373
  0.02518391  0.01043152   -0.03188492  0.07697700    0.02643700 -0.06382456
    2    1
  0.03293146  0.07950358    0.06415416 -0.02657352    0.02518391 -0.01043152
  0.06426647 -0.02662004    0.02546390  0.06147529   -0.03188492 -0.07697700
  0.02530660 -0.01048233   -0.03177173 -0.07670373    0.02643700  0.06382456
    2    2
  0.21741603  0.00000000    0.00000000  0.00391110    0.00000000  0.00995509
  0.00000000 -0.00391110    0.19051582  0.00000000    0.00174886  0.00000000
  0.00000000 -0.00995509    0.00174886  0.00000000    0.20392064  0.00000000

     Dynamical  Matrix in cartesian axes

     q = (    0.000000000  -0.500000000   0.750000000 ) 

    1    1
  0.22218859  0.00000000    0.00000000  0.00448004    0.00000000 -0.01011438
  0.00000000 -0.00448004    0.19505189  0.00000000   -0.00125082  0.00000000
  0.00000000  0.01011438   -0.00125082  0.00000000    0.20859217  0.00000000
    1    2
 -0.07950358  0.03293146    0.02662004  0.06426647   -0.01048233 -0.02530660
  0.02657352  0.06415416   -0.06147529  0.02546390   -0.07670373  0.03177173
 -0.01043152 -0.02518391   -0.07697700  0.03188492   -0.06382456  0.02643700
    2    1
 -0.07950358 -0.03293146    0.02657352 -0.06415416   -0.01043152  0.02518391
  0.02662004 -0.06426647   -0.06147529 -0.02546390   -0.07697700 -0.03188492
 -0.01048233  0.02530660   -0.07670373 -0.03177173   -0.06382456 -0.02643700
    2    2
  0.21741603  0.00000000   -0.00000000 -0.00391110    0.00000000  0.00995509
  0.00000000  0.00391110    0.19051582  0.00000000   -0.00174886  0.00000000
  0.00000000 -0.00995509   -0.00174886  0.00000000    0.20392064  0.00000000

     Dynamical  Matrix in cartesian axes

     q = (    0.000000000   0.750000000   0.500000000 ) 

    1    1
  0.22218859  0.00000000    0.00000000  0.01011438    0.00000000  0.00448004
  0.00000000 -0.01011438    0.20859217  0.00000000    0.00125082 -0.00000000
  0.00000000 -0.00448004    0.00125082  0.00000000    0.19505189  0.00000000
    1    2
  0.03293146  0.07950358    0.02530660 -0.01048233    0.06426647 -0.02662004
  0.02518391 -0.01043152    0.02643700  0.06382456   -0.03188492 -0.07697700
  0.06415416 -0.02657352   -0.03177173 -0.07670373    0.02546390  0.06147529
    2    1
  0.03293146 -0.07950358    0.02518391  0.01043152    0.06415416  0.02657352
  0.02530660  0.01048233    0.02643700 -0.06382456   -0.03177173  0.07670373
  0.06426647  0.02662004   -0.03188492  0.07697700    0.02546390 -0.06147529
    2    2
  0.21741603  0.00000000   -0.00000000 -0.00995509    0.00000000 -0.00391110
 -0.00000000  0.00995509    0.20392064  0.00000000    0.00174886  0.00000000
  0.00000000  0.00391110    0.00174886  0.00000000    0.19051582  0.00000000

     Dynamical  Matrix in cartesian axes

     q = (    0.000000000  -0.750000000  -0.500000000 ) 

    1    1
  0.22218859  0.00000000    0.00000000 -0.01011438    0.00000000 -0.00448004
  0.00000000  0.01011438    0.20859217  0.00000000    0.00125082  0.00000000
  0.00000000  0.00448004    0.00125082 -0.00000000    0.19505189  0.00000000
    1    2
  0.03293146 -0.07950358    0.02530660  0.01048233    0.06426647  0.02662004
  0.02518391  0.01043152    0.02643700 -0.06382456   -0.03188492  0.07697700
  0.06415416  0.02657352   -0.03177173  0.07670373    0.02546390 -0.06147529
    2    1
  0.03293146  0.07950358    0.02518391 -0.01043152    0.06415416 -0.02657352
  0.02530660 -0.01048233    0.02643700  0.06382456   -0.03177173 -0.07670373
  0.06426647 -0.02662004   -0.03188492 -0.07697700    0.02546390  0.06147529
    2    2
  0.21741603  0.00000000    0.00000000  0.00995509   -0.00000000  0.00391110
  0.00000000 -0.00995509    0.20392064  0.00000000    0.00174886  0.00000000
  0.00000000 -0.00391110    0.00174886  0.00000000    0.19051582  0.00000000

     Dynamical  Matrix in cartesian axes

     q = (    0.000000000  -0.750000000   0.500000000 ) 

    1    1
  0.22218859  0.00000000    0.00000000  0.01011438   -0.00000000 -0.00448004
  0.00000000 -0.01011438    0.20859217  0.00000000   -0.00125082  0.00000000
  0.00000000  0.00448004   -0.00125082  0.00000000    0.19505189  0.00000000
    1    2
 -0.07950358 -0.03293146   -0.01048233  0.02530660    0.02662004 -0.06426647
 -0.01043152  0.02518391   -0.06382456 -0.02643700   -0.07697700 -0.03188492
  0.02657352 -0.06415416   -0.07670373 -0.03177173   -0.06147529 -0.02546390
    2    1
 -0.07950358  0.03293146   -0.01043152 -0.02518391    0.02657352  0.06415416
 -0.01048233 -0.02530660   -0.06382456  0.02643700   -0.07670373  0.03177173
  0.02662004  0.06426647   -0.07697700  0.03188492   -0.06147529  0.02546390
    2    2
  0.21741603  0.00000000    0.00000000 -0.00995509    0.00000000  0.00391110
  0.00000000  0.00995509    0.20392064  0.00000000   -0.00174886  0.00000000
  0.00000000 -0.00391110   -0.00174886  0.00000000    0.19051582  0.00000000

     Dynamical  Matrix in cartesian axes

     q = (    0.000000000   0.750000000  -0.500000000 ) 

    1    1
  0.22218859  0.00000000    0.00000000 -0.01011438   -0.00000000  0.00448004
  0.00000000  0.01011438    0.20859217  0.00000000   -0.00125082  0.00000000
  0.00000000 -0.00448004   -0.00125082  0.00000000    0.19505189  0.00000000
    1    2
 -0.07950358  0.03293146   -0.01048233 -0.02530660    0.02662004  0.06426647
 -0.01043152 -0.02518391   -0.06382456  0.02643700   -0.07697700  0.03188492
  0.02657352  0.06415416   -0.07670373  0.03177173   -0.06147529  0.02546390
    2    1
 -0.07950358 -0.03293146   -0.01043152  0.02518391    0.02657352 -0.06415416
 -0.01048233  0.02530660   -0.06382456 -0.02643700   -0.07670373 -0.03177173
  0.02662004 -0.06426647   -0.07697700 -0.03188492   -0.06147529 -0.02546390
    2    2
  0.21741603  0.00000000    0.00000000  0.00995509   -0.00000000 -0.00391110
  0.00000000 -0.00995509    0.20392064  0.00000000   -0.00174886  0.00000000
  0.00000000  0.00391110   -0.00174886  0.00000000    0.19051582  0.00000000

     Dynamical  Matrix in cartesian axes

     q = (    0.500000000   0.750000000   0.000000000 ) 

    1    1
  0.19505189  0.00000000    0.00125082  0.00000000    0.00000000 -0.00448004
  0.00125082  0.00000000    0.20859217  0.00000000   -0.00000000 -0.01011438
 -0.00000000  0.00448004   -0.00000000  0.01011438    0.22218859  0.00000000
    1    2
 -0.06147529  0.02546390    0.07670373 -0.03177173    0.02657352  0.06415416
  0.07697700 -0.03188492   -0.06382456  0.02643700    0.01043152  0.02518391
  0.02662004  0.06426647    0.01048233  0.02530660   -0.07950358  0.03293146
    2    1
 -0.06147529 -0.02546390    0.07697700  0.03188492    0.02662004 -0.06426647
  0.07670373  0.03177173   -0.06382456 -0.02643700    0.01048233 -0.02530660
  0.02657352 -0.06415416    0.01043152 -0.02518391   -0.07950358 -0.03293146
    2    2
  0.19051582  0.00000000    0.00174886  0.00000000   -0.00000000  0.00391110
  0.00174886  0.00000000    0.20392064  0.00000000   -0.00000000  0.00995509
 -0.00000000 -0.00391110   -0.00000000 -0.00995509    0.21741603  0.00000000

     Dynamical  Matrix in cartesian axes

     q = (    0.750000000  -0.500000000   0.000000000 ) 

    1    1
  0.20859217  0.00000000   -0.00125082  0.00000000    0.00000000  0.01011438
 -0.00125082  0.00000000    0.19505189  0.00000000    0.00000000 -0.00448004
  0.00000000 -0.01011438    0.00000000  0.00448004    0.22218859  0.00000000
    1    2
  0.02643700 -0.06382456    0.03188492 -0.07697700    0.02518391  0.01043152
  0.03177173 -0.07670373    0.02546390 -0.06147529   -0.06415416 -0.02657352
  0.02530660  0.01048233   -0.06426647 -0.02662004    0.03293146 -0.07950358
    2    1
  0.02643700  0.06382456    0.03177173  0.07670373    0.02530660 -0.01048233
  0.03188492  0.07697700    0.02546390  0.06147529   -0.06426647  0.02662004
  0.02518391 -0.01043152   -0.06415416  0.02657352    0.03293146  0.07950358
    2    2
  0.20392064  0.00000000   -0.00174886  0.00000000    0.00000000 -0.00995509
 -0.00174886  0.00000000    0.19051582  0.00000000    0.00000000  0.00391110
  0.00000000  0.00995509    0.00000000 -0.00391110    0.21741603  0.00000000

     Dynamical  Matrix in cartesian axes

     q = (    0.500000000  -0.750000000   0.000000000 ) 

    1    1
  0.19505189  0.00000000   -0.00125082  0.00000000    0.00000000  0.00448004
 -0.00125082  0.00000000    0.20859217  0.00000000    0.00000000 -0.01011438
  0.00000000 -0.00448004    0.00000000  0.01011438    0.22218859  0.00000000
    1    2
  0.02546390 -0.06147529    0.03177173 -0.07670373    0.06415416  0.02657352
  0.03188492 -0.07697700    0.02643700 -0.06382456   -0.02518391 -0.01043152
  0.06426647  0.02662004   -0.02530660 -0.01048233    0.03293146 -0.07950358
    2    1
  0.02546390  0.06147529    0.03188492  0.07697700    0.06426647 -0.02662004
  0.03177173  0.07670373    0.02643700  0.06382456   -0.02530660  0.01048233
  0.06415416 -0.02657352   -0.02518391  0.01043152    0.03293146  0.07950358
    2    2
  0.19051582  0.00000000   -0.00174886  0.00000000    0.00000000 -0.00391110
 -0.00174886  0.00000000    0.20392064  0.00000000   -0.00000000  0.00995509
 -0.00000000  0.00391110   -0.00000000 -0.00995509    0.21741603  0.00000000

     Diagonalizing the dynamical matrix

     q = (    0.500000000   0.000000000   0.750000000 ) 

 **************************************************************************
     freq (    1) =       2.661834 [THz] =      88.789224 [cm-1]
 (  0.490771 -0.203284 -0.034489 -0.083265 -0.414433  0.171664 ) 
 (  0.544324  0.000000 -0.000000  0.083428 -0.453018  0.000000 ) 
     freq (    2) =       3.868910 [THz] =     129.052941 [cm-1]
 ( -0.304712  0.126216 -0.224317 -0.541550 -0.181136  0.075029 ) 
 (  0.328039  0.000000 -0.000000 -0.598618  0.207924  0.000000 ) 
     freq (    3) =       5.319318 [THz] =     177.433348 [cm-1]
 ( -0.323590  0.134035  0.125470  0.302911 -0.443930  0.183882 ) 
 ( -0.376880 -0.000000  0.000000 -0.357424 -0.518797  0.000000 ) 
     freq (    4) =       6.033158 [THz] =     201.244487 [cm-1]
 (  0.364762 -0.151089 -0.146392 -0.353422  0.449384 -0.186141 ) 
 ( -0.365125  0.000000  0.000000 -0.357656 -0.447163  0.000000 ) 
     freq (    5) =       7.593794 [THz] =     253.301700 [cm-1]
 ( -0.302542  0.125317 -0.231889 -0.559831 -0.157758  0.065345 ) 
 ( -0.230770  0.000000  0.000000  0.613398 -0.258673  0.000000 ) 
     freq (    6) =       7.610095 [THz] =     253.845451 [cm-1]
 ( -0.436526  0.180815  0.063188  0.152549  0.474428 -0.196515 ) 
 (  0.517197 -0.000000 -0.000000  0.052623 -0.464247  0.000000 ) 
 **************************************************************************
